10000092
10000094
10000096
10000098
10000100
10000102
10000104
10000106
10000108
10000110
10000112
10000114
10000116
10000118
10000120
10000122
10000124
10000126
10000128
10000130
10000132
10000134
10000136
10000138
10000140
10000142
10000144
10000146
10000148
10000150
10000152
10000154
10000156
10000158
10000160
10000162
10000164
10000166
10000168
10000170
10000172
10000174
10000176
10000178
10000180
10000182
10000184
10000186
10000188
10000190
10000192
10000194
10000196
10000198
10000200
10000202
10000204
10000206
10000208
10000210
10000212
10000214
10000216
10000218
10000220
10000222
10000224
10000226
10000228
10000230
10000232
10000234
10000236
10000238
10000240
10000242
10000244
10000246
10000248
10000250
10000252
10000254
10000256
10000258
10000260
10000262
10000264
10000266
10000268
10000270
10000272
10000274
10000276
10000278
10000280
10000282
10000284
10000286
10000288
10000290
10000292
10000294
10000296
10000298
10000300
10000302
10000304
10000306
10000308
10000310
10000312
10000314
10000316
10000318
10000320
10000322
10000324
10000326
10000328
10000330
10000332
10000334
10000336
10000338
10000340
10000342
10000344
10000346
10000348
10000350
10000352
10000354
10000356
10000358
10000364
10000366
10000368
10000370
10000372
10000374
10000376
10000378
10000380
10000382
10000384
10000386
10000388
10000390
10000392
10000394
10000396
10000398
10000400
10000402
10000404
10000406
10000408
10000410
10000412
10000414
10000416
10000418
10000420
10000422
10000424
10000426
10000428
10000430
10000432
10000434
10000436
10000438
10000440
10000442
10000444
10000446
10000448
10000450
10000452
10000454
10000456
10000458
10000460
10000462
10000464
10000466
10000468
10000470
10000472
10000474
10000476
10000478
10000480
10000482
10000484
10000486
10000488
10000490
10000492
10000494
10000496
10000498
10000500
10000502
10000504
10000506
10000508
10000510
10000512
10000514
10000516
10000518
10000520
10000522
10000524
10000526
10000528
10000530
10000532
10000534
10000536
10000538
10000540
10000542
10000544
10000546
10000548
10000550
10000552
10000554
10000556
10000558
10000560
10000562
10000564
10000566
10000568
10000570
10000572
10000574
10000576
10000578
10000580
10000582
10000584
10000586
10000588
10000590
10000592
10000594
10000596
10000598
10000600
10000602
10000604
10000606
10000608
10000610
10000612
10000614
10000616
10000618
10000620
10000622
10000624
10000626
10000628
10000630
10000632
10000634
10000636
10000638
10000640
10000642
10000644
10000646
10000648
10000650
10000652
10000654
10000656
10000658
10000660
10000662
10000664
10000666
10000668
10000670
10000672
10000674
10000676
10000678
10000680
10000682
10000684
10000686
10000688
10000690
10000692
10000694
10000696
10000698
10000700
10000702
10000704
10000706
10000708
10000710
10000712
10000714
10000716
10000718
10000720
10000722
10000724
10000726
10000728
10000730
10000732
10000734
10000736
10000738
10000740
10000742
10000744
10000746
10000748
10000750
10000752
10000754
10000756
10000758
10000760
10000762
10000764
10000766
10000768
10000770
10000772
10000774
10000776
10000778
10000780
10000782
10000784
10000786
10000788
10000790
10000792
10000794
10000796
10000798
10000800
10000802
10000804
10000806
10000808
10000810
10000812
10000814
10000816
10000818
10000820
10000822
10000824
10000826
10000828
10000830
10000832
10000834
10000836
10000838
10000840
10000842
10000844
10000846
10000848
10000850
10000852
10000854
10000856
10000858
10000860
10000862
10000864
10000866
10000868
10000870
10000872
10000874
10000876
10000878
10000880
10000882
10000884
10000886
10000888
10000890
10000892
10000894
10000896
10000898
10000900
10000902
10000904
10000906
10000908
10000910
10000912
10000914
10000916
10000918
10000920
10000922
10000924
10000926
10000928
10000930
10000932
10000934
10000936
10000938
10000940
10000942
10000944
10000946
10000948
10000950
10000952
10000954
10000956
10000958
10000960
10000962
10000964
10000966
10000968
10000970
10000972
10000974
10000976
10000978
10000980
10000982
10000984
10000986
10000988
10000990
10000992
10000994
10000996
10000998
10001000
10001002
10001004
10001006
10001008
10001010
10001012
10001014
10001016
10001018
10001020
10001022
10001024
10001026
10001028
10001030
10001032
10001034
10001036
10001038
10001040
10001042
10001044
10001046
10001048
10001050
10001052
10001054
10001056
10001058
10001060
10001062
10001064
10001066
10001068
10001070
10001072
10001074
10001076
10001078
10001080
10001082
10001084
10001086
10001088
10001090
10001092
10001094
10001096
10001098
10001100
10001102
10001104
10001106
10001108
10001110
10001112
10001114
10001116
10001118
10001120
10001122
10001124
10001126
10001128
10001130
10001132
10001134
10001136
10001138
10001140
10001142
10001144
10001146
10001148
10001150
10001152
10001154
10001156
10001158
10001160
10001162
10001164
10001166
10001168
10001170
10001172
10001174
10001176
10001178
10001180
10001182
10001184
10001186
10001188
10001190
10001192
10001194
10001196
10001198
10001200
10001202
10001204
10001206
10001208
10001210
10001212
10001214
10001216
10001218
10001220
10001222
10001224
10001226
10001228
10001230
10001232
10001234
10001236
10001238
10001240
10001242
10001244
10001246
10001248
10001250
10001252
10001254
10001256
10001258
10001260
10001262
10001264
10001266
10001268
10001270
10001272
10001274
10001276
10001278
10001280
10001282
10001284
10001286
10001288
10001290
10001292
10001294
10001296
10001298
10001300
10001302
10001304
10001306
10001308
10001310
10001312
10001314
10001316
10001318
10001320
10001322
10001324
10001326
10001328
10001330
10001332
10001334
10001336
10001338
10001340
10001342
10001344
10001346
10001348
10001350
10001352
10001354
10001356
10001358
10001360
10001362
10001364
10001366
10001368
10001370
10001372
10001374
10001376
10001378
10001380
10001382
10001384
10001386
10001388
10001390
10001392
10001394
10001396
10001398
10001400
10001402
10001404
10001406
10001408
10001410
10001412
10001414
10001416
10001418
10001420
10001422
10001424
10001426
10001428
10001430
10001432
10001434
10001436
10001438
10001440
10001442
10001444
10001446
10001448
10001450
10001452
10001454
10001456
10001458
10001460
10001462
10001464
10001466
10001468
10001470
10001472
10001474
10001476
10001478
10001480
10001482
10001484
10001486
10001488
10001490
10001492
10001494
10001496
10001498
10001500
10001502
10001504
10001506
10001508
10001510
10001512
10001514
10001516
10001518
10001520
10001522
10001524
10001526
10001528
10001530
10001532
10001534
10001536
10001538
10001540
10001542
10001544
10001546
10001548
10001550
10001552
10001554
10001556
10001558
10001560
10001562
10001564
10001566
10001568
10001570
10001572
10001574
10001576
10001578
10001580
10001582
10001584
10001586
10001588
10001590
10001592
10001594
10001596
10001598
10001600
10001602
10001604
10001606
10001608
10001610
10001612
10001614
10001616
10001618
10001620
10001622
10001624
10001626
10001628
10001630
10001632
10001634
10001636
10001638
10001640
10001642
10001644
10001646
10001648
10001650
10001652
10001654
10001656
10001658
10001660
10001662
10001664
10001666
10001668
10001670
10001672
10001674
10001676
10001678
10001680
10001682
10001684
10001686
10001688
10001690
10001692
10001694
10001696
10001698
10001700
10001702
10001704
10001706
10001708
10001710
10001712
10001714
10001716
10001718
10001720
10001722
10001724
10001726
10001728
10001730
10001732
10001734
10001736
10001738
10001740
10001742
10001744
10001746
10001748
10001750
10001752
10001754
10001756
10001758
10001760
10001762
10001764
10001766
10001768
10001770
10001772
10001774
10001776
10001778
10001780
10001782
10001784
10001786
10001788
10001790
10001792
10001794
10001796
10001798
10001800
10001802
10001804
10001806
10001808
10001810
10001812
10001814
10001816
10001818
10001820
10001822
10001824
10001826
10001828
10001830
10001832
10001834
10001836
10001838
10001840
10001842
10001844
10001846
10001848
10001850
10001852
10001854
10001856
10001858
10001860
10001862
10001864
10001866
10001868
10001870
10001872
10001874
10001876
10001878
10001880
10001882
10001884
10001886
10001888
10001890
10001892
10001894
10001896
10001898
10001900
10001902
10001904
10001906
10001908
10001910
10001912
10001914
10001916
10001918
10001920
10001922
10001924
10001926
10001928
10001930
10001932
10001934
10001936
10001938
10001940
10001942
10001944
10001946
10001948
10001950
10001952
10001954
10001956
10001958
10001960
10001962
10001964
10001966
10001968
10001970
10001972
10001974
10001976
10001978
10001980
10001982
10001984
10001986
10001988
10001990
10001992
10001994
10001996
10001998
10002000
10002002
10002004
10002006
10002008
10002010
10002012
10002014
10002016
10002018
10002020
10002022
10002024
10002026
10002028
10002030
10002032
10002034
10002036
10002038
10002040
10002042
10002044
10002046
10002048
10002050
10002052
10002054
10002056
10002058
10002060
10002062
10002064
10002066
10002068
