10000091
10000093
10000095
10000097
10000099
10000101
10000103
10000105
10000107
10000109
10000111
10000113
10000115
10000117
10000119
10000121
10000123
10000125
10000127
10000129
10000131
10000133
10000135
10000137
10000139
10000141
10000143
10000145
10000147
10000149
10000151
10000153
10000155
10000157
10000159
10000161
10000163
10000165
10000167
10000169
10000171
10000173
10000175
10000177
10000179
10000181
10000183
10000185
10000187
10000189
10000191
10000193
10000195
10000197
10000199
10000201
10000203
10000205
10000207
10000209
10000211
10000213
10000215
10000217
10000219
10000221
10000223
10000225
10000227
10000229
10000231
10000233
10000235
10000237
10000239
10000241
10000243
10000245
10000247
10000249
10000251
10000253
10000255
10000257
10000259
10000261
10000263
10000265
10000267
10000269
10000271
10000273
10000275
10000277
10000279
10000281
10000283
10000285
10000287
10000289
10000291
10000293
10000295
10000297
10000299
10000301
10000303
10000305
10000307
10000309
10000311
10000313
10000315
10000317
10000319
10000321
10000323
10000325
10000327
10000329
10000331
10000333
10000335
10000337
10000339
10000341
10000343
10000345
10000347
10000349
10000351
10000353
10000355
10000357
10000363
10000365
10000367
10000369
10000371
10000373
10000375
10000377
10000379
10000381
10000383
10000385
10000387
10000389
10000391
10000393
10000395
10000397
10000399
10000401
10000403
10000405
10000407
10000409
10000411
10000413
10000415
10000417
10000419
10000421
10000423
10000425
10000427
10000429
10000431
10000433
10000435
10000437
10000439
10000441
10000443
10000445
10000447
10000449
10000451
10000453
10000455
10000457
10000459
10000461
10000463
10000465
10000467
10000469
10000471
10000473
10000475
10000477
10000479
10000481
10000483
10000485
10000487
10000489
10000491
10000493
10000495
10000497
10000499
10000501
10000503
10000505
10000507
10000509
10000511
10000513
10000515
10000517
10000519
10000521
10000523
10000525
10000527
10000529
10000531
10000533
10000535
10000537
10000539
10000541
10000543
10000545
10000547
10000549
10000551
10000553
10000555
10000557
10000559
10000561
10000563
10000565
10000567
10000569
10000571
10000573
10000575
10000577
10000579
10000581
10000583
10000585
10000587
10000589
10000591
10000593
10000595
10000597
10000599
10000601
10000603
10000605
10000607
10000609
10000611
10000613
10000615
10000617
10000619
10000621
10000623
10000625
10000627
10000629
10000631
10000633
10000635
10000637
10000639
10000641
10000643
10000645
10000647
10000649
10000651
10000653
10000655
10000657
10000659
10000661
10000663
10000665
10000667
10000669
10000671
10000673
10000675
10000677
10000679
10000681
10000683
10000685
10000687
10000689
10000691
10000693
10000695
10000697
10000699
10000701
10000703
10000705
10000707
10000709
10000711
10000713
10000715
10000717
10000719
10000721
10000723
10000725
10000727
10000729
10000731
10000733
10000735
10000737
10000739
10000741
10000743
10000745
10000747
10000749
10000751
10000753
10000755
10000757
10000759
10000761
10000763
10000765
10000767
10000769
10000771
10000773
10000775
10000777
10000779
10000781
10000783
10000785
10000787
10000789
10000791
10000793
10000795
10000797
10000799
10000801
10000803
10000805
10000807
10000809
10000811
10000813
10000815
10000817
10000819
10000821
10000823
10000825
10000827
10000829
10000831
10000833
10000835
10000837
10000839
10000841
10000843
10000845
10000847
10000849
10000851
10000853
10000855
10000857
10000859
10000861
10000863
10000865
10000867
10000869
10000871
10000873
10000875
10000877
10000879
10000881
10000883
10000885
10000887
10000889
10000893
10000895
10000897
10000899
10000901
10000903
10000905
10000907
10000909
10000911
10000913
10000915
10000917
10000919
10000921
10000923
10000925
10000927
10000929
10000931
10000933
10000935
10000937
10000939
10000941
10000943
10000945
10000947
10000949
10000951
10000953
10000955
10000957
10000959
10000961
10000963
10000965
10000967
10000969
10000971
10000973
10000975
10000977
10000979
10000981
10000983
10000985
10000987
10000989
10000991
10000993
10000995
10000997
10000999
10001001
10001003
10001005
10001007
10001009
10001011
10001013
10001015
10001017
10001019
10001021
10001023
10001025
10001027
10001029
10001031
10001033
10001035
10001037
10001039
10001041
10001043
10001045
10001047
10001049
10001051
10001053
10001055
10001057
10001059
10001061
10001063
10001065
10001067
10001069
10001071
10001073
10001075
10001077
10001079
10001081
10001083
10001085
10001087
10001089
10001091
10001093
10001095
10001097
10001099
10001101
10001103
10001105
10001107
10001109
10001111
10001113
10001115
10001117
10001119
10001121
10001123
10001125
10001127
10001129
10001131
10001133
10001135
10001137
10001139
10001141
10001143
10001145
10001147
10001149
10001151
10001153
10001155
10001157
10001159
10001161
10001163
10001165
10001167
10001169
10001171
10001173
10001175
10001177
10001179
10001181
10001183
10001185
10001187
10001189
10001191
10001193
10001195
10001197
10001199
10001201
10001203
10001205
10001207
10001209
10001211
10001213
10001215
10001217
10001219
10001221
10001223
10001225
10001227
10001229
10001231
10001233
10001235
10001237
10001239
10001241
10001243
10001245
10001247
10001249
10001251
10001253
10001255
10001257
10001259
10001261
10001263
10001265
10001267
10001269
10001271
10001273
10001275
10001277
10001279
10001281
10001283
10001285
10001287
10001289
10001291
10001293
10001295
10001297
10001299
10001301
10001303
10001305
10001307
10001309
10001311
10001313
10001315
10001317
10001319
10001321
10001323
10001325
10001327
10001329
10001331
10001333
10001335
10001337
10001339
10001341
10001343
10001345
10001347
10001349
10001351
10001353
10001355
10001357
10001359
10001361
10001363
10001365
10001367
10001369
10001371
10001373
10001375
10001377
10001379
10001381
10001383
10001385
10001387
10001389
10001391
10001393
10001395
10001397
10001399
10001401
10001403
10001405
10001407
10001409
10001411
10001413
10001415
10001417
10001419
10001421
10001423
10001425
10001427
10001429
10001431
10001433
10001435
10001437
10001439
10001441
10001443
10001445
10001447
10001449
10001451
10001453
10001455
10001457
10001459
10001461
10001463
10001465
10001467
10001469
10001471
10001473
10001475
10001477
10001479
10001481
10001483
10001485
10001487
10001489
10001491
10001493
10001495
10001497
10001499
10001501
10001503
10001505
10001507
10001509
10001511
10001513
10001515
10001517
10001519
10001521
10001523
10001525
10001527
10001529
10001531
10001533
10001535
10001537
10001539
10001541
10001543
10001545
10001547
10001549
10001551
10001553
10001555
10001557
10001559
10001561
10001563
10001565
10001567
10001569
10001571
10001573
10001575
10001577
10001579
10001581
10001583
10001585
10001587
10001589
10001591
10001593
10001595
10001597
10001599
10001601
10001603
10001605
10001607
10001609
10001611
10001613
10001615
10001617
10001619
10001621
10001623
10001625
10001627
10001629
10001631
10001633
10001635
10001637
10001639
10001641
10001643
10001645
10001647
10001649
10001651
10001653
10001655
10001657
10001659
10001661
10001663
10001665
10001667
10001669
10001671
10001673
10001675
10001677
10001679
10001681
10001683
10001685
10001687
10001689
10001691
10001693
10001695
10001697
10001699
10001701
10001703
10001705
10001707
10001709
10001711
10001713
10001715
10001717
10001719
10001721
10001723
10001725
10001727
10001729
10001731
10001733
10001735
10001737
10001739
10001741
10001743
10001745
10001747
10001749
10001751
10001753
10001755
10001757
10001759
10001761
10001763
10001765
10001767
10001769
10001771
10001773
10001775
10001777
10001779
10001781
10001783
10001785
10001787
10001789
10001791
10001793
10001795
10001797
10001799
10001801
10001803
10001805
10001807
10001809
10001811
10001813
10001815
10001817
10001819
10001821
10001823
10001825
10001827
10001829
10001831
10001833
10001835
10001837
10001839
10001841
10001843
10001845
10001847
10001849
10001851
10001853
10001855
10001857
10001859
10001861
10001863
10001865
10001867
10001869
10001871
10001873
10001875
10001877
10001879
10001881
10001883
10001885
10001887
10001889
10001891
10001893
10001895
10001897
10001899
10001901
10001903
10001905
10001907
10001909
10001911
10001913
10001915
10001917
10001919
10001921
10001923
10001925
10001927
10001929
10001931
10001933
10001935
10001937
10001939
10001941
10001943
10001945
10001947
10001949
10001951
10001953
10001955
10001957
10001959
10001961
10001963
10001965
10001967
10001969
10001971
10001973
10001975
10001977
10001979
10001981
10001983
10001985
10001987
10001989
10001991
10001993
10001995
10001997
10001999
10002001
10002003
10002005
10002007
10002009
10002011
10002013
10002015
10002017
10002019
10002021
10002023
10002025
10002027
10002029
10002031
10002033
10002035
10002037
10002039
10002041
10002043
10002045
10002047
10002049
10002051
10002053
10002055
10002057
10002059
10002061
10002063
10002065
10002067
