80070775
80070777
80070779
80070781
80070783
80070785
80070787
80070789
80070791
80070793
80070795
80070797
80070799
80070801
80070803
80070805
80070807
80070809
80070811
80070813
80070815
80070817
80070819
80070821
80070823
80070825
80070827
80070829
80070831
80070833
80070835
80070837
80070839
80070841
80070843
80070845
80070847
80070849
80070851
80070853
80070855
80070857
80070859
80070861
80070863
80070865
80070867
80070869
80070871
80070873
80070875
80070877
80070879
80070881
80070883
80070885
80070887
80070889
80070891
80070893
80070895
80070897
80070899
80070901
80070903
80070905
80070907
80070909
80070911
80070913
80070915
80070917
80070919
80070921
80070923
80070925
80070927
80070929
80070931
80070933
80070935
80070937
80070939
80070941
80070943
80070945
80070947
80070949
80070951
80070953
80070955
80070957
80070959
80070961
80070963
80070965
80070967
80070969
80070971
80070973
80070975
80070977
80070979
80070981
80070983
80070985
80070987
80070989
80070991
80070993
80070995
80070997
80070999
80071001
80071003
80071005
80071007
80071009
80071011
80071013
80071015
80071017
80071019
80071021
80071023
80071025
80071027
80071029
80071031
80071033
80071035
80071037
80071039
80071041
80071043
80071045
80071047
80071049
80071051
80071053
80071055
80071057
80071059
80071061
80071063
80071065
80071067
80071069
80071071
80071073
80071075
80071077
80071079
80071081
80071083
80071085
80071087
80071089
80071091
80071093
80071095
80071097
80071099
80071101
80071103
80071105
80071107
80071109
80071111
80071113
80071115
80071117
80071119
80071121
80071123
80071125
80071127
80071129
80071131
80071133
80071135
80071137
80071139
80071141
80071143
80071145
80071147
80071149
80071151
80071153
80071155
80071157
80071159
80071161
80071163
80071165
80071167
80071169
80071171
80071173
80071175
80071177
80071179
80071181
80071183
80071185
80071187
80071189
80071191
80071193
80071195
80071197
80071199
80071201
80071203
80071205
80071207
80071209
80071211
80071213
80071215
80071217
80071219
80071221
80071223
80071225
80071227
80071229
80071231
80071233
80071235
80071237
80071239
80071241
80071243
80071245
80071247
80071249
80071251
80071253
80071255
80071257
80071259
80071261
80071263
80071265
80071267
80071269
80071271
80071273
80071275
80071277
80071279
80071281
80071283
80071285
80071287
80071289
80071291
80071293
80071295
80071297
80071299
80071301
80071303
80071305
80071307
80071309
80071311
80071313
80071315
80071317
80071319
80071321
80071323
80071325
80071327
80071329
80071331
80071333
80071335
80071337
80071339
80071341
80071343
80071345
80071347
80071349
80071351
80071353
80071355
80071357
80071359
80071361
80071363
80071365
80071367
80071369
80071371
80071373
80071375
80071377
80071379
80071381
80071383
80071385
80071387
80071389
80071391
80071393
80071395
80071397
80071399
80071401
80071403
80071405
80071407
80071409
80071411
80071413
80071415
80071417
80071419
80071421
80071423
80071425
80071427
80071429
80071431
80071433
80071435
80071437
80071439
80071441
80071443
80071445
80071447
80071449
80071451
80071453
80071455
80071457
80071459
80071461
80071463
80071465
80071467
80071469
80071471
80071473
80071475
80071477
80071479
80071481
80071483
80071485
80071487
80071489
80071491
80071493
80071495
80071497
80071499
80071501
80071503
80071505
80071507
80071509
80071511
80071513
80071515
80071517
80071519
80071521
80071523
80071525
80071527
80071529
80071531
80071533
80071535
80071537
80071539
80071541
80071543
80071545
80071547
80071549
80071551
80071553
80071555
80071557
80071559
80071561
80071563
80071565
80071567
80071569
80071571
80071573
80071575
80071577
80071579
80071581
80071583
80071585
80071587
80071589
80071591
80071593
80071595
80071597
80071599
80071601
80071603
80071605
80071607
80071609
80071611
80071613
80071615
80071617
80071619
80071621
80071623
80071625
80071627
80071629
80071631
80071633
80071635
80071637
80071639
80071641
80071643
80071645
80071647
80071649
80071651
80071653
80071655
80071657
80071659
80071661
80071663
80071665
80071667
80071669
80071671
80071673
80071675
80071677
80071679
80071681
80071683
80071685
80071687
80071689
80071691
80071693
80071695
80071697
80071699
80071701
80071703
80071705
80071707
80071709
80071711
80071713
80071715
80071717
80071719
80071721
80071723
80071725
80071727
80071729
80071731
80071733
80071735
80071737
80071739
80071741
80071743
80071745
80071747
80071749
80071751
80071753
80071755
80071757
80071759
80071761
80071763
80071765
80071767
80071769
80071771
80071773
80071775
80071777
80071779
80071781
80071783
80071785
80071787
80071789
80071791
80071793
80071795
80071797
80071799
80071801
80071803
80071805
80071807
80071809
80071811
80071813
80071815
80071817
80071819
80071821
80071823
80071825
80071827
80071829
80071831
80071833
80071835
80071837
80071839
80071841
80071843
80071845
80071847
80071849
80071851
80071853
80071855
80071857
80071859
80071861
80071863
80071865
80071867
80071869
80071871
80071873
80071875
80071877
80071879
80071881
80071883
80071885
80071887
80071889
80071891
80071893
80071895
80071897
80071899
80071901
80071903
80071905
80071907
80071909
80071911
80071913
80071915
80071917
80071919
80071921
80071923
80071925
80071927
80071929
80071931
80071933
80071935
80071937
80071939
80071941
80071943
80071945
80071947
80071949
80072569
80072571
80072573
80072575
80072577
80072579
80072581
80072583
80072585
80072587
80072589
80072591
80072593
80072595
80072597
80072599
80072601
80072603
80072605
80072607
80072609
80072611
80072613
80072615
80072617
80072619
80072621
80072623
80072625
80072627
80072629
80072631
80072633
80072635
80072637
80072639
80072641
80072643
80072645
80072647
80072649
80072651
80072653
80072657
80072659
80072661
80072663
80072665
80072667
80072669
80072671
80072673
80072675
80072677
80072679
80072681
80072683
80072685
80072687
80072689
80072691
80072693
80072695
80072699
80072701
80072703
80072705
80072707
80072709
80072711
80072713
80072715
80072717
80072719
80072721
80072723
80072725
80072727
80072729
80072731
80072733
80072735
80072737
80072739
80072741
80072743
80072745
80072747
80072749
80072751
80072753
80072755
80072757
80072759
80072761
80072763
80072765
80072767
80072769
80072771
80072773
80072775
80072777
80072779
80072781
80072783
80072785
80072787
80072789
80072791
80072793
80072795
80072797
80072799
80072801
80072803
80072805
80072807
80072809
80072811
80072813
80072815
80072817
80072819
80072821
80072823
80072825
80072827
80072829
80072831
80072833
80072835
80072837
80072839
80072841
80072843
80072845
80072847
80072849
80072851
80072853
80072855
80072857
80072859
80072861
80072863
80072865
80072867
80072869
80072871
80072873
80072875
80072877
80072879
80072899
80072901
80072903
80072905
80072907
80072909
80072911
80072913
80072915
80072917
80072919
80072921
80072923
80072925
80072927
80072929
80072931
80072933
80072935
80072937
80072939
80072941
80072943
80072945
80072947
80072949
80072951
80072953
80072955
80072957
80072959
80072961
80072963
80072965
80072967
80072969
80072971
80072973
80072975
80072977
80072979
80072981
80072983
80072985
80072987
80072989
80072991
80072993
80072995
80072997
80072999
80073001
80073003
80073005
80073007
80073009
80073011
80073013
80073015
80073017
80073019
80073021
80073023
80073025
80073027
80073029
80073031
80073033
80073035
80073037
80073039
80073041
80073043
80073045
80073047
80073049
80073051
80073053
80073055
80073057
80073059
80073061
80073063
80073065
80073067
80073069
80073071
80073073
80073075
80073077
80073079
80073081
80073083
80073085
80073087
80073089
80073091
80073093
80073095
80073097
80073099
80073101
80073103
80073105
80073107
80073109
80073111
80073113
80073115
80073117
80073119
80073121
80073123
80073125
80073127
80073129
80073131
80073133
80073135
80073137
80073139
80073141
80073143
80073145
80073147
80073149
80073151
80073153
80073155
80073157
80073159
80073161
80073163
80073165
80073167
80073169
80073171
80073173
80073175
80073177
80073179
80073181
80073183
80073185
80073187
80073189
80073191
80073193
80073195
80073197
80073199
80073201
80073203
80073205
80073207
80073209
80073211
80073213
80073215
80073217
80073219
80073221
80073223
80073225
80073227
80073229
80073231
80073233
80073235
80073237
80073239
80073241
80073243
80073245
80073247
80073249
80073251
80073253
80073255
80073257
80073259
80073261
80073263
80073265
80073267
80073269
80073271
80073273
80073275
80073277
80073279
80073281
80073283
80073285
80073287
80073289
80073291
80073293
80073295
80073297
80073299
80073301
80073303
80073305
80073307
80073309
80073311
80073313
80073315
80073317
80073319
80073321
80073323
80073325
80073327
80073329
80073331
80073333
80073335
80073337
80073339
80073341
80073343
80073345
80073347
80073349
80073351
80073353
80073355
80073357
80073359
80073361
80073363
80073365
80073367
80073369
80073371
80073373
80073375
80073377
80073379
80073381
80073383
80073385
80073387
80073389
80073391
80073393
80073395
80073397
80073399
80073401
80073403
80073405
80073407
80073409
80073411
80073413
80073415
80073417
80073419
80073421
80073423
80073425
80073427
80073429
80073431
80073433
80073435
80073437
80073439
80073441
80073443
80073445
80073447
80073449
80073451
80073453
80073455
80073457
80073459
80073461
80073463
80073465
80073467
80073469
80073471
80073473
80073475
80073477
80073479
80073481
80073483
80073485
80073487
80073489
80073491
80073493
80073495
80073497
80073499
80073501
80073503
80073505
80073507
80073509
80073511
80073513
80073515
80073517
80073519
80073521
80073523
80073525
80073527
80073529
80073531
80073533
80073535
80073537
80073539
80073541
80073543
80073545
80073547
80073549
80073551
80073553
80073555
80073557
80073559
80073561
80073563
80073565
80073567
80073569
80073571
80073573
80073575
80073577
80073579
80073581
80073583
80073585
80073587
80073589
80073591
80073593
80073595
80073597
80073599
80073601
80073603
80073605
80073607
80073609
80073611
80073613
80073615
80073617
80073619
80073621
80073623
80073625
80073627
80073629
80073631
80073633
80073635
80073637
80073639
80073641
80073643
80073645
80073647
80073649
80073651
80073653
80073655
80073657
80073659
80073661
80073663
80073665
80073667
80073669
80073671
80073673
80073675
80073677
80073679
80073681
80073683
80073685
80073687
80073689
80073691
80073693
80073695
80073697
80073699
80073701
80073703
80073705
80073707
80073709
80073711
80073713
80073715
80073717
80073719
80073721
80073723
80073725
80073727
80073729
80073731
80073733
80073735
80073737
80073739
80073741
80073743
80073745
80073747
80073749
80073751
80073753
80073755
80073757
80073759
80073761
80073763
80073765
80073767
80073769
80073771
80073773
80073775
80073777
80073779
80073781
80073783
80073785
80073787
80073789
80073791
80073793
80073795
80073797
80073799
80073801
80073803
80073805
80073807
80073809
80073811
80073813
80073815
80073817
80073819
80073821
80073823
80073825
80073827
80073829
80073831
80073833
80073835
80073837
80073839
80073841
80073843
80073845
80073847
80073849
80073851
80073853
80073855
80073857
80073859
80073861
80073863
80073865
80073867
80073869
80073871
80073873
80073875
80073877
80073879
80073881
80073883
80073885
80073887
80073889
80073891
80073893
80073895
80073897
80073899
80073901
80073903
80073905
80073907
80073909
80073911
80073913
80073915
80073917
80073919
80073921
80073923
80073925
80073927
80073929
80073931
80073933
80073935
80073937
80073939
80073941
80073943
80073945
80073947
80073949
80073951
80073953
80073955
80073957
80073959
80073961
80073963
80073965
80073967
80073969
80073971
80073973
80073975
80073977
80073979
80073981
80073983
80073985
80073987
80073989
80073991
80073993
80073995
80073997
80073999
80074001
80074003
80074005
80074007
80074009
80074011
80074013
80074015
80074017
80074019
80074021
80074023
80074025
80074027
80074029
80074031
80074033
80074035
80074037
80074039
80074041
80074043
80074045
80074047
80074049
80074051
80074053
80074055
80074057
80074059
80074061
80074063
80074065
80074067
80074069
80074071
80074073
80074075
80074077
80074079
80074081
80074083
80074085
80074087
80074089
80074091
80074093
80074095
80074097
80074099
80074101
80074103
80074105
80074107
80074109
80074111
80074113
80074115
80074117
80074119
80074121
80074123
80074125
80074127
80074129
80074131
80074133
80074135
80074137
80074139
80074141
80074143
80074145
80074147
80074149
80074151
80074153
80074155
80074157
80074159
80074161
80074163
80074165
80074167
80074169
80074171
80074173
80074175
80074177
80074179
80074181
80074183
80074185
80074187
80074189
80074191
80074193
80074195
80074197
80074199
80074201
80074203
80074205
80074207
80074209
80074211
80074213
80074215
80074217
80074219
80074221
80074223
80074225
80074227
80074229
80074231
80074233
80074235
80074237
80074239
80074241
80074243
80074245
80074247
80074249
80074251
80074253
80074255
80074257
80074259
80074261
80074263
80074265
80074267
80074269
80074271
80074273
80074275
80074277
80074279
80074281
80074283
80074285
80074287
80074289
80074291
80074293
80074295
80074297
80074299
80074301
80074303
80074305
80074307
80074309
80074311
80074313
80074315
80074317
80074319
80074321
80074323
80074325
80074327
80074329
80074331
80074333
80074335
80074337
80074339
80074341
80074343
80074345
80074347
80074349
80074351
80074353
80074355
80074357
80074359
80074361
80074363
80074365
80074367
80074369
80074371
80074373
80074375
80074377
80074379
80074381
80074383
80074385
80074387
80074389
80074391
80074393
80074395
80074397
80074399
80074401
80074403
80074405
80074407
80074409
80074411
80074413
80074415
80074417
80074419
80074421
80074423
80074425
80074427
80074429
80074431
80074433
80074435
80074437
80074439
80074441
80074443
80074445
80074447
80074449
80074451
80074453
80074455
80074457
80074459
80074461
80074463
80074465
80074467
80074469
80074471
80074473
80074475
80074477
80074479
80074481
80074483
80074485
80074487
80074489
80074491
80074493
80074495
80074497
80074499
80074501
80074503
80074505
80074507
80074509
80074511
80074513
80074515
80074517
80074519
80074521
80074523
80074525
80074527
80074529
80074531
80074533
80074535
80074537
80074539
80074541
80074543
80074545
80074547
80074549
80074551
80074553
80074555
80074557
80074559
80074561
80074563
80074565
80074567
80074569
80074571
80074573
80074575
80074577
80074579
80074581
80074583
80074585
80074587
80074589
80074591
80074593
80074595
80074597
80074599
80074601
80074603
80074605
80074607
80074609
80074611
80074613
80074615
80074617
80074619
80074621
80074623
80074625
80074627
80074629
80074631
80074633
80074635
80074637
80074639
80074641
80074643
80074645
80074647
80074649
80074651
80074653
80074655
80074657
80074659
80074661
80074663
80074665
80074667
80074669
80074671
80074673
80074675
80074677
80074679
80074681
80074683
80074685
80074687
80074689
80074691
80074693
80074695
80074697
80074699
80074701
80074703
80074705
80074707
80074709
80074711
80074713
80074715
80074717
80074719
80074721
80074723
80074725
80074727
80074729
80074731
80074733
80074735
80074737
80074739
80074741
80074743
80074745
80074747
80074749
80074751
80074753
80074755
80074757
80074759
80074761
80074763
80074765
80074767
80074769
80074771
80074773
80074775
80074777
80074779
80074781
80074783
80074785
80074787
80074789
80074791
80074793
80074795
80074797
80074799
80074801
80074803
80074805
80074807
80074809
80074811
80074813
80074815
80074817
80074819
80074821
80074823
80074825
80074827
80074829
80074831
80074833
80074835
80074837
80074839
80074841
80074843
80074845
80074847
80074849
80074851
80074853
80074855
80074857
80074859
80074861
80074863
80074865
80074867
80074869
80074871
80074873
80074875
80074877
80074879
80074881
80074883
80074885
80074887
80074889
80074891
80074893
80074895
80074897
80074899
80074901
80074903
80074905
80074907
80074909
80074911
80074913
80074915
80074917
80074919
80074921
80074923
80074925
80074927
80074929
80074931
80074933
80074935
80074937
80074939
80074941
80074943
80074945
80074947
80074949
80074951
80074953
80074955
80074957
80074959
80074961
80074963
80074965
80074967
80074969
80074971
80074973
80074975
80074977
80074979
80074981
80074983
80074985
80074987
80074989
80074991
80074993
80074995
80074997
80074999
80075001
80075003
80075005
80075007
80075009
80075011
80075013
80075015
80075017
80075019
80075021
80075023
80075025
80075027
80075029
80075031
80075033
80075035
80075037
80075039
80075041
80075043
80075045
80075047
80075049
80075051
80075053
80075055
80075057
80075059
80075061
80075063
80075065
80075067
80075069
80075071
80075073
80075075
80075077
80075079
80075081
80075083
80075085
80075087
80075089
80075091
80075093
80075095
80075097
80075099
80075101
80075103
80075105
80075107
80075109
80075111
80075113
80075115
80075117
80075119
80075121
80075123
80075125
80075127
80075129
80075131
80075133
80075135
80075137
80075139
80075141
80075143
80075145
80075147
80075149
80075151
80075153
80075155
80075157
80075159
80075161
80075163
80075165
80075167
80075169
80075171
80075173
80075175
80075177
80075179
80075181
80075183
80075185
80075187
80075189
80075191
80075193
80075195
80075197
80075199
80075201
80075203
80075205
80075207
80075209
80075211
80075213
80075215
80075217
80075219
80075221
80075223
80075225
80075227
80075229
80075231
80075233
80075235
80075237
80075239
80075241
80075243
80075245
80075247
80075249
80075251
80075253
80075255
80075257
80075259
80075261
80075263
80075265
80075267
80075269
80075271
80075273
80075275
80075277
80075279
80075281
80075283
80075285
80075287
80075289
80075291
80075293
80075295
80075297
80075299
80075301
80075303
80075305
80075307
80075309
80075311
80075313
80075315
80075317
80075319
80075321
80075323
80075325
80075327
80075329
80075331
80075333
80075335
80075337
80075339
80075341
80075343
80075345
80075347
80075349
80075351
80075353
80075355
80075357
80075359
80075361
80075363
80075365
80075367
80075369
80075371
80075373
80075375
80075377
80075379
80075381
80075383
80075385
80075387
80075389
80075391
80075393
80075395
80075397
80075399
80075401
80075403
80075405
80075407
80075409
80075411
80075413
80075415
80075417
80075419
80075421
80075423
80075425
80075427
80075429
80075431
80075433
80075435
80075437
80075439
80075441
80075443
80075445
80075447
80075449
80075451
80075453
80075455
80075457
80075459
80075461
80075463
80075465
80075467
80075469
80075471
80075473
80075475
80075477
80075479
80075481
80075483
80075485
80075487
80075489
80075491
80075493
80075495
80075497
80075499
80075501
80075503
80075505
80075507
80075509
80075511
80075513
80075515
80075517
80075519
80075521
80075523
80075525
80075527
80075529
80075531
80075533
80075535
80075537
80075539
80075541
80075543
80075545
80075547
80075549
80075551
80075553
80075555
80075557
80075559
80075561
80075563
80075565
80075567
80075569
80075571
80075573
80075575
80075577
80075579
80075581
80075583
80075585
80075587
80075589
80075591
80075593
80075595
80075597
80075599
80075601
80075603
80075605
80075607
80075609
80075611
80075613
80075615
80075617
80075619
80075621
80075623
80075625
80075627
80075629
80075631
80075633
80075635
80075637
80075639
80075641
80075643
80075645
80075647
80075649
80075651
80075653
80075655
80075657
80075659
80075661
80075663
80075665
80075667
80075669
80075671
80075673
80075675
80075677
80075679
80075681
80075683
80075685
80075687
80075689
80075691
80075693
80075695
80075697
80075699
80075701
80075703
80075705
80075707
80075709
80075711
80075713
80075715
80075717
80075719
80075721
80075723
80075725
80075727
80075729
80075731
80075733
80075735
80075737
80075739
80075741
80075743
80075745
80075747
80075749
80075751
80075753
80075755
80075757
80075759
80075761
80075763
80075765
80075767
80075769
80075771
80075773
80075775
80075777
80075779
80075781
80075783
80075785
80075787
80075789
80075791
80075793
80075795
80075797
80075799
80075801
80075803
80075805
80075807
80075809
80075811
80075813
80075815
80075817
80075819
80075821
80075823
80075825
80075827
80075829
80075831
80075833
80075835
80075837
80075839
80075841
80075843
80075845
80075847
80075849
80075851
80075853
80075855
80075857
80075859
80075861
80075863
80075865
80075867
80075869
80075871
80075873
80075875
80075877
80075879
80075881
80075883
80075885
80075887
80075889
80075891
80075893
80075895
80075897
80075899
80075901
80075903
80075905
80075907
80075909
80075911
80075913
80075915
80075917
80075919
80075921
80075923
80075925
80075927
80075929
80075931
80075933
80075935
80075937
80075939
80075941
80075943
80075945
80075947
80075949
80075951
80075953
80075955
80075957
80075959
80075961
80075963
80075965
80075967
80075969
80075971
80075973
80075975
80075977
80075979
80075981
80075983
80075985
80075987
80075989
80075991
80075993
80075995
80075997
80075999
80076001
80076003
80076005
80076007
80076009
80076011
80076013
80076015
80076017
80076019
80076021
80076023
80076025
80076027
80076029
80076031
80076033
80076035
80076037
80076039
80076041
80076043
80076045
80076047
80076049
80076051
80076053
80076055
80076057
80076059
80076061
80076063
80076065
80076067
80076069
80076071
80076073
80076075
80076077
80076079
80076081
80076083
80076085
80076087
80076089
80076091
80076093
80076095
80076097
80076099
80076101
80076103
80076105
80076107
80076109
80076111
80076113
80076115
80076117
80076119
80076121
80076123
80076125
80076127
80076129
80076131
80076133
80076135
80076137
80076139
80076141
80076143
80076145
80076147
80076149
80076151
80076153
80076155
80076157
80076159
80076161
80076163
80076165
80076167
80076169
80076171
80076173
80076175
80076177
80076179
80076181
80076183
80076185
80076187
80076189
80076191
80076193
80076195
80076197
80076199
80076201
80076203
80076205
80076207
80076209
80076211
80076213
80076215
80076217
80076219
80076221
80076223
80076225
80076227
80076229
80076231
80076233
80076235
80076237
80076239
80076241
80076243
80076245
80076247
80076249
80076251
80076253
80076255
80076257
80076259
80076261
80076263
80076265
80076267
80076269
80076271
80076273
80076275
80076277
80076279
80076281
80076283
80076285
80076287
80076289
80076291
80076293
80076295
80076297
80076299
80076301
80076303
80076305
80076307
80076309
80076311
80076313
80076315
80076317
80076319
80076321
80076323
80076325
80076327
80076329
80076331
80076333
80076335
80076337
80076339
80076341
80076343
80076345
80076347
80076349
80076351
80076353
80076355
80076357
80076359
80076361
80076363
80076365
80076367
80076369
80076371
80076373
80076375
80076377
80076379
80076381
80076383
80076385
80076387
80076389
80076391
80076393
80076395
80076397
80076399
80076401
80076403
80076405
80076407
80076409
80076411
80076413
80076415
80076417
80076419
80076421
80076423
80076425
80076427
80076429
80076431
80076433
80076435
80076437
80076439
80076441
80076443
80076445
80076447
80076449
80076451
80076453
80076455
80076457
80076459
80076461
80076463
80076465
80076467
80076469
80076471
80076473
80076475
80076477
80076479
80076481
80076483
80076485
80076487
80076489
80076491
80076493
80076495
80076497
80076499
80076501
80076503
80076505
80076507
80076509
80076511
80076513
80076515
80076517
80076519
80076521
80076523
80076525
80076527
80076529
80076531
80076533
80076535
80076537
80076539
80076541
80076543
80076545
80076547
80076549
80076551
80076553
80076555
80076557
80076559
80076561
80076563
80076565
80076567
80076569
80076571
80076573
80076575
80076577
80076579
80076581
80076583
80076585
80076587
80076589
80076591
80076593
80076595
80076597
80076599
80076601
80076603
80076605
80076607
80076609
80076611
80076613
80076615
80076617
80076619
80076621
80076623
80076625
80076627
80076629
80076631
80076633
80076635
80076637
80076639
80076641
80076643
80076645
80076647
80076649
80076651
80076653
80076655
80076657
80076659
80076661
80076663
80076665
80076667
80076669
80076671
80076673
80076675
80076677
80076679
80076681
80076683
80076685
80076687
80076689
80076691
80076693
80076695
80076697
80076699
80076701
80076703
80076705
80076707
80076709
80076711
80076713
80076715
80076717
80076719
80076721
80076723
80076725
80076727
80076729
80076731
80076733
80076735
80076737
80076739
80076741
80076743
80076745
80076747
80076749
80076751
80076753
80076755
80076757
80076759
80076761
80076763
80076765
80076767
80076769
80076771
80076773
80076775
80076777
80076779
80076781
80076783
80076785
80076787
80076789
80076791
80076793
80076795
80076797
80076799
80076801
80076803
80076805
80076807
80076809
80076811
80076813
80076815
80076817
80076819
80076821
80076823
80076825
80076827
80076829
80076831
80076833
80076835
80076837
80076839
80076841
80076843
80076845
80076847
80076849
80076851
80076853
80076855
80076857
80076859
80076861
80076863
80076865
80076867
80076869
80076871
80076873
80076875
80076877
80076879
80076881
80076883
80076885
80076887
80076889
80076891
80076893
80076895
80076897
80076899
80076901
80076903
80076905
80076907
80076909
80076911
80076913
80076915
80076917
80076919
80076921
80076923
80076925
80076927
80076929
80076931
80076933
80076935
80076937
80076939
80076941
80076943
80076945
80076947
80076949
80076951
80076953
80076955
80076957
80076959
80076961
80076963
80076965
80076967
80076969
80076971
80076973
80076975
80076977
80076979
80076981
80076983
80076985
80076987
80076989
80076991
80076993
80076995
80076997
80076999
80077001
80077003
80077005
80077007
80077009
80077011
80077013
80077015
80077017
80077019
80077021
80077023
80077025
80077027
80077029
80077031
80077033
80077035
80077037
80077039
80077041
80077043
80077045
80077047
80077049
80077051
80077053
80077055
80077057
80077059
80077061
80077063
80077065
80077067
80077069
80077071
80077073
80077075
80077077
80077079
80077081
80077083
80077085
80077087
80077089
80077091
80077093
80077095
80077097
80077099
80077101
80077103
80077105
80077107
80077109
80077111
80077113
80077115
80077117
80077119
80077121
80077123
80077125
80077127
80077129
80077131
80077133
80077135
80077137
80077139
80077141
80077143
80077145
80077147
80077149
80077151
80077153
80077155
80077157
80077159
80077161
80077163
80077165
80077167
80077169
80077171
80077173
80077175
80077177
80077179
80077181
80077183
80077185
80077187
80077189
80077191
80077193
80077195
80077197
80077199
80077201
80077203
80077205
80077207
80077209
80077211
80077213
80077215
80077217
80077219
80077221
80077223
80077225
80077227
80077229
80077231
80077233
80077235
80077237
80077239
80077241
80077243
80077245
80077247
80077249
80077251
80077253
80077255
80077257
80077259
80077261
80077263
80077265
80077267
80077269
80077271
80077273
80077275
80077277
80077279
80077281
80077283
80077285
80077287
80077289
80077291
80077293
80077295
80077297
80077299
80077301
80077303
80077305
80077307
80077309
80077311
80077313
80077315
80077317
80077319
80077321
80077323
80077325
80077327
80077329
80077331
80077333
80077335
80077337
80077339
80077341
80077343
80077345
80077347
80077349
80077351
80077353
80077355
80077357
80077359
80077361
80077363
80077365
80077367
80077369
80077371
80077373
80077375
80077377
80077379
80077381
80077383
80077385
80077387
80077389
80077391
80077393
80077395
80077397
80077399
80077401
80077403
80077405
80077407
80077409
80077411
80077413
80077415
80077417
80077419
80077421
80077423
80077425
80077427
80077429
80077431
80077433
80077435
80077437
80077439
80077441
80077443
80077445
80077447
80077449
80077451
80077453
80077455
80077457
80077459
80077461
80077463
80077465
80077467
80077469
80077471
80077473
80077475
80077477
80077479
80077481
80077483
80077485
80077487
80077489
80077491
80077493
80077495
80077497
80077499
80077501
80077503
80077505
80077507
80077509
80077511
80077513
80077515
80077517
80077519
80077521
80077523
80077525
80077527
80077529
80077531
80077533
80077535
80077537
80077539
80077541
80077543
80077545
80077547
80077549
80077551
80077553
80077555
80077557
80077559
80077561
80077563
80077565
80077567
80077569
80077571
80077573
80077575
80077577
80077579
80077581
80077583
80077585
80077587
80077589
80077591
80077593
80077595
80077597
80077599
80077601
80077603
80077605
80077607
80077609
80077611
80077613
80077615
80077617
80077619
80077621
80077623
80077625
80077627
80077629
80077631
80077633
80077635
80077637
80077639
80077641
80077643
80077645
80077647
80077649
80077651
80077653
80077655
80077657
80077659
80077661
80077663
80077665
80077667
80077669
80077671
80077673
80077675
80077677
80077679
80077681
80077683
80077685
80077687
80077689
80077691
80077693
80077695
80077697
80077699
80077701
80077703
80077705
80077707
80077709
80077711
80077713
80077715
80077717
80077719
80077721
80077723
80077725
80077727
80077729
80077731
80077733
80077735
80077737
80077739
80077741
80077743
80077745
80077747
80077749
80077751
80077753
80077755
80077757
80077759
80077761
80077763
80077765
80077767
80077769
80077771
80077773
80077775
80077777
80077779
80077781
80077783
80077785
80077787
80077789
80077791
80077793
80077795
80077797
80077799
80077801
80077803
80077805
80077807
80077809
80077811
80077813
80077815
80077817
80077819
80077821
80077823
80077825
80077827
80077829
80077831
80077833
80077835
80077837
80077839
80077841
80077843
80077845
80077847
80077849
80077851
80077853
80077855
80077857
80077859
80077861
80077863
80077865
80077867
80077869
80077871
80077873
80077875
80077877
80077879
80077881
80077883
80077885
80077887
80077889
80077891
80077893
80077895
80077897
80077899
80077901
80077903
80077905
80077907
80077909
80077911
80077913
80077915
80077917
80077919
80077921
80077923
80077925
80077927
80077929
80077931
80077933
80077935
80077937
80077939
80077941
80077943
80077945
80077947
80077949
80077951
80077953
80077955
80077957
80077959
80077961
80077963
80077965
80077967
80077969
80077971
80077973
80077975
80077977
80077979
80077981
80077983
80077985
80077987
80077989
80077991
80077993
80077995
80077997
80077999
80078001
80078003
80078005
80078007
80078009
80078011
80078013
80078015
80078017
80078019
80078021
80078023
80078025
80078027
80078029
80078031
80078033
80078035
80078037
80078039
80078041
80078043
80078045
80078047
80078049
80078051
80078053
80078055
80078057
80078059
80078061
80078063
80078065
80078067
80078069
80078071
80078073
80078075
80078077
80078079
80078081
80078083
80078085
80078087
80078089
80078091
80078093
80078095
80078097
80078099
80078101
80078103
80078105
80078107
80078109
80078111
80078113
80078115
80078117
80078119
80078121
80078123
80078125
80078127
80078129
80078131
80078133
80078135
80078137
80078139
80078141
80078143
80078145
80078147
80078149
80078151
80078153
80078155
80078157
80078159
80078161
80078163
80078165
80078167
80078169
80078171
80078173
80078175
80078177
80078179
80078181
80078183
80078185
80078187
80078189
80078191
80078193
80078195
80078197
80078199
80078201
80078203
80078205
80078207
80078209
80078211
80078213
80078215
80078217
80078219
80078221
80078223
80078225
80078227
80078229
80078231
80078233
80078235
80078237
80078239
80078241
80078243
80078245
80078247
80078249
80078251
80078253
80078255
80078257
80078259
80078261
80078263
80078265
80078267
80078269
80078271
80078273
80078275
80078277
80078279
80078281
80078283
80078285
80078287
80078289
80078291
80078293
80078295
80078297
80078299
80078301
80078303
80078305
80078307
80078309
80078311
80078313
80078315
80078317
80078319
80078321
80078323
80078325
80078327
80078329
80078331
80078333
80078335
80078337
80078339
80078341
80078343
80078345
80078347
80078349
80078351
80078353
80078355
80078357
80078359
80078361
80078363
80078365
80078367
80078369
80078371
80078373
80078375
80078377
80078379
80078381
80078383
80078385
80078387
80078389
80078391
80078393
80078395
80078397
80078399
80078401
80078403
80078405
80078407
80078409
80078411
80078413
80078415
80078417
80078419
80078421
80078423
80078425
80078427
80078429
80078431
80078433
80078435
80078437
80078439
80078441
80078443
80078445
80078447
80078449
80078451
80078453
80078455
80078457
80078459
80078461
80078463
80078465
80078467
80078469
80078471
80078473
80078475
80078477
80078479
80078481
80078483
80078485
80078487
80078489
80078491
80078493
80078495
80078497
80078499
80078501
80078503
80078505
80078507
80078509
80078511
80078513
80078515
80078517
80078519
80078521
80078523
80078525
80078527
80078529
80078531
80078533
80078535
80078537
80078539
80078541
80078543
80078545
80078547
80078549
80078551
80078553
80078555
80078557
80078559
80078561
80078563
80078565
80078567
80078569
80078571
80078573
80078575
80078577
80078579
80078581
80078583
80078585
80078587
80078589
80078591
80078593
80078595
80078597
80078599
80078601
80078603
80078605
80078607
80078609
80078611
80078613
80078615
80078617
80078619
80078621
80078623
80078625
80078627
80078629
80078631
80078633
80078635
80078637
80078639
80078641
80078643
80078645
80078647
80078649
80078651
80078653
80078655
80078657
80078659
80078661
80078663
80078665
80078667
80078669
80078671
80078673
80078675
80078677
80078679
80078681
80078683
80078685
80078687
80078689
80078691
80078693
80078695
80078697
80078699
80078701
80078703
80078705
80078707
80078709
80078711
80078713
80078715
80078717
80078719
80078721
80078723
80078725
80078727
80078729
80078731
80078733
80078735
80078737
80078739
80078741
80078743
80078745
80078747
80078749
80078751
80078753
80078755
80078757
80078759
80078761
80078763
80078765
80078767
80078769
80078771
80078773
80078775
80078777
80078779
80078781
80078783
80078785
80078787
80078789
80078791
80078793
80078795
80078797
80078799
80078801
80078803
80078805
80078807
80078809
80078811
80078813
80078815
80078817
80078819
80078821
80078823
80078825
80078827
80078829
80078831
80078833
80078835
80078837
80078839
80078841
80078843
80078845
80078847
80078849
80078851
80078853
80078855
80078857
80078859
80078861
80078863
80078865
80078867
80078869
80078871
80078873
80078875
80078877
80078879
80078881
80078883
80078885
80078887
80078889
80078891
80078893
80078895
80078897
80078899
80078901
80078903
80078905
80078907
80078909
80078911
80078913
80078915
80078917
80078919
80078921
80078923
80078925
80078927
80078929
80078931
80078933
80078935
80078937
80078939
80078941
80078943
80078945
80078947
80078949
80078951
80078953
80078955
80078957
80078959
80078961
80078963
80078965
80078967
80078969
80078971
80078973
80078975
80078977
80078979
80078981
80078983
80078985
80078987
80078989
80078991
80078993
80078995
80078997
80078999
80079001
80079003
80079005
80079007
80079009
80079011
80079013
80079015
80079017
80079019
80079021
80079023
80079025
80079027
80079029
80079031
80079033
80079035
80079037
80079039
80079041
80079043
80079045
80079047
80079049
80079051
80079053
80079055
80079057
80079059
80079061
80079063
80079065
80079067
80079069
80079071
80079073
80079075
80079077
80079079
80079081
80079083
80079085
80079087
80079089
80079091
80079093
80079095
80079097
80079099
80079101
80079103
80079105
80079107
80079109
80079111
80079113
80079115
80079117
80079119
80079121
80079123
80079125
80079127
80079129
80079131
80079133
80079135
80079137
80079139
80079141
80079143
80079145
80079147
80079149
80079151
80079153
80079155
80079157
80079159
80079161
80079163
80079165
80079167
80079169
80079171
80079173
80079175
80079177
80079179
80079181
80079183
80079185
80079187
80079189
80079191
80079193
80079195
80079197
80079199
80079201
80079203
80079205
80079207
80079209
80079211
80079213
80079215
80079217
80079219
80079221
80079223
80079225
80079227
80079229
80079231
80079233
80079235
80079237
80079239
80079241
80079243
80079245
80079247
80079249
80079251
80079253
80079255
80079257
80079259
80079261
80079263
80079265
80079267
80079269
80079271
80079273
80079275
80079277
80079279
80079281
80079283
80079285
80079287
80079289
80079291
80079293
80079295
80079297
80079299
80079301
80079303
80079305
80079307
80079309
80079311
80079313
80079315
80079317
80079319
80079321
80079323
80079325
80079327
80079329
80079331
80079333
80079335
80079337
80079339
80079341
80079343
80079345
80079347
80079349
80079351
80079353
80079355
80079357
80079359
80079361
80079363
80079365
80079367
80079369
80079371
80079373
80079375
80079377
80079379
80079381
80079383
80079385
80079387
80079389
80079391
80079393
80079395
80079397
80079399
80079401
80079403
80079405
80079407
80079409
80079411
80079413
80079415
80079417
80079419
80079421
80079423
80079425
80079427
80079429
80079431
80079433
80079435
80079437
80079439
80079441
80079443
80079445
80079447
80079449
80079451
80079453
80079455
80079457
80079459
80079461
80079463
80079465
80079467
80079469
80079471
80079473
80079475
80079477
80079479
80079481
80079483
80079485
80079487
80079489
80079491
80079493
80079497
80079499
80079501
80079503
80079505
80079507
80079509
80079511
80079513
80079519
80079521
80079523
80079527
80079529
80079531
80079533
80079535
80079539
80079541
80079543
80079545
80079547
80079549
80079551
80079553
80079555
80079557
80079559
80079561
80079563
80079565
80079567
80079569
80079571
80079573
80079575
80079577
80079579
80079581
80079583
80079585
80079587
80079589
80079591
80079593
80079595
80079597
80079599
80079601
80079603
80079605
80079609
80079611
80079613
80079615
80079617
80079619
80079621
80079623
80079625
80079627
80079629
80079631
80079633
80079635
80079637
80079639
80079641
80079643
80079645
80079647
80079651
80079653
80079655
80079657
80079659
80079661
80079663
80079665
80079667
80079669
80079671
80079673
80079675
80079677
80079679
80079681
80079683
80079685
80079687
80079689
80079691
80079695
80079697
80079699
80079701
80079703
80079705
80079707
80079709
80079711
80079713
80079715
80079717
80079719
80079721
80079723
80079725
80079727
80079729
80079733
80079735
80079737
80079739
80079741
80079743
80079745
80079747
80079749
80079751
80079753
80079755
80079757
80079759
80079761
80079763
80079765
80079767
80079769
80079771
80079773
80079777
80079779
80079781
80079783
80079785
80079787
80079789
80079791
80079793
80079795
80079797
80079799
80079801
80079805
80079807
80079809
80079815
80079817
80079819
80079821
80079823
80079825
80079827
80079829
80079831
80079833
80079835
80079837
80079839
80079841
80079843
80079845
80079847
80079849
80079851
80079853
80079855
80079857
80079859
80079861
80079863
80079865
80079867
80079869
80079871
80079873
80079875
80079877
80079879
80079881
80079883
80079885
80079887
80079889
80079891
80079893
80079895
80079897
80079899
80079901
80079903
80079905
80079907
80079909
80079911
80079913
80079915
80079917
80079919
80079921
80079923
80079925
80079927
80079929
80079931
80079933
80079935
80079937
80079939
80079941
80079943
80079945
80079947
80079949
80079951
80079953
80079955
80079957
80079959
80079961
80079963
80079965
80079967
80079969
80079971
80079973
80079975
80079977
80079979
80079981
80079983
80079985
80079987
80079989
80079991
80079993
80079995
80079999
80080003
80080005
80080007
80080009
80080011
80080013
80080015
80080017
80080019
80080021
80080023
80080025
80080027
80080029
80080031
80080033
80080035
80080041
80080043
80080045
80080047
80080049
80080051
80080053
80080055
80080057
80080059
80080061
80080063
80080065
80080067
80080069
80080071
80080073
80080075
80080077
80080079
80080081
80080083
80080085
80080087
80080089
80080091
80080093
80080095
80080097
80080099
80080101
80080103
80080105
80080107
80080109
80080111
80080113
80080115
80080117
80080119
80080121
80080123
80080125
80080127
80080129
80080131
80080133
80080135
80080137
80080139
80080143
80080145
80080147
80080149
80080151
80080153
80080155
80080157
80080161
80080163
80080165
80080167
80080169
80080171
80080173
80080175
80080179
80080181
80080183
80080185
80080187
80080189
80080191
80080193
80080195
80080197
80080199
80080201
80080203
80080205
80080207
80080209
80080211
80080213
80080215
80080217
80080219
80080221
80080223
80080225
80080227
80080229
80080231
80080233
80080235
80080237
80080239
80080241
80080243
80080245
80080247
80080249
80080251
80080253
80080255
80080257
80080259
80080261
80080263
80080265
80080267
80080269
80080271
80080273
80080275
80080277
80080279
80080281
80080283
80080285
80080287
80080289
80080291
80080293
80080295
80080297
80080301
80080303
80080305
80080307
80080309
80080311
80080313
80080315
80080319
80080321
80080323
80080325
80080331
80080333
80080335
80080337
80080339
80080341
80080343
80080345
80080347
80080349
80080351
80080353
80080355
80080357
80080359
80080361
80080365
80080367
80080369
80080371
80080373
80080375
80080377
80080379
80080381
80080383
80080385
80080387
80080389
80080391
80080393
80080397
80080399
