80070774
80070776
80070778
80070780
80070782
80070784
80070786
80070788
80070790
80070792
80070794
80070796
80070798
80070800
80070802
80070804
80070806
80070808
80070810
80070812
80070814
80070816
80070818
80070820
80070822
80070824
80070826
80070828
80070830
80070832
80070834
80070836
80070838
80070840
80070842
80070844
80070846
80070848
80070850
80070852
80070854
80070856
80070858
80070860
80070862
80070864
80070866
80070868
80070870
80070872
80070874
80070876
80070878
80070880
80070882
80070884
80070886
80070888
80070890
80070892
80070894
80070896
80070898
80070900
80070902
80070904
80070906
80070908
80070910
80070912
80070914
80070916
80070918
80070920
80070922
80070924
80070926
80070928
80070930
80070932
80070934
80070936
80070938
80070940
80070942
80070944
80070946
80070948
80070950
80070952
80070954
80070956
80070958
80070960
80070962
80070964
80070966
80070968
80070970
80070972
80070974
80070976
80070978
80070980
80070982
80070984
80070986
80070988
80070990
80070992
80070994
80070996
80070998
80071000
80071002
80071004
80071006
80071008
80071010
80071012
80071014
80071016
80071018
80071020
80071022
80071024
80071026
80071028
80071030
80071032
80071034
80071036
80071038
80071040
80071042
80071044
80071046
80071048
80071050
80071052
80071054
80071056
80071058
80071060
80071062
80071064
80071066
80071068
80071070
80071072
80071074
80071076
80071078
80071080
80071082
80071084
80071086
80071088
80071090
80071092
80071094
80071096
80071098
80071100
80071102
80071104
80071106
80071108
80071110
80071112
80071114
80071116
80071118
80071120
80071122
80071124
80071126
80071128
80071130
80071132
80071134
80071136
80071138
80071140
80071142
80071144
80071146
80071148
80071150
80071152
80071154
80071156
80071158
80071160
80071162
80071164
80071166
80071168
80071170
80071172
80071174
80071176
80071178
80071180
80071182
80071184
80071186
80071188
80071190
80071192
80071194
80071196
80071198
80071200
80071202
80071204
80071206
80071208
80071210
80071212
80071214
80071216
80071218
80071220
80071222
80071224
80071226
80071228
80071230
80071232
80071234
80071236
80071238
80071240
80071242
80071244
80071246
80071248
80071250
80071252
80071254
80071256
80071258
80071260
80071262
80071264
80071266
80071268
80071270
80071272
80071274
80071276
80071278
80071280
80071282
80071284
80071286
80071288
80071290
80071292
80071294
80071296
80071298
80071300
80071302
80071304
80071306
80071308
80071310
80071312
80071314
80071316
80071318
80071320
80071322
80071324
80071326
80071328
80071330
80071332
80071334
80071336
80071338
80071340
80071342
80071344
80071346
80071348
80071350
80071352
80071354
80071356
80071358
80071360
80071362
80071364
80071366
80071368
80071370
80071372
80071374
80071376
80071378
80071380
80071382
80071384
80071386
80071388
80071390
80071392
80071394
80071396
80071398
80071400
80071402
80071404
80071406
80071408
80071410
80071412
80071414
80071416
80071418
80071420
80071422
80071424
80071426
80071428
80071430
80071432
80071434
80071436
80071438
80071440
80071442
80071444
80071446
80071448
80071450
80071452
80071454
80071456
80071458
80071460
80071462
80071464
80071466
80071468
80071470
80071472
80071474
80071476
80071478
80071480
80071482
80071484
80071486
80071488
80071490
80071492
80071494
80071496
80071498
80071500
80071502
80071504
80071506
80071508
80071510
80071512
80071514
80071516
80071518
80071520
80071522
80071524
80071526
80071528
80071530
80071532
80071534
80071536
80071538
80071540
80071542
80071544
80071546
80071548
80071550
80071552
80071554
80071556
80071558
80071560
80071562
80071564
80071566
80071568
80071570
80071572
80071574
80071576
80071578
80071580
80071582
80071584
80071586
80071588
80071590
80071592
80071594
80071596
80071598
80071600
80071602
80071604
80071606
80071608
80071610
80071612
80071614
80071616
80071618
80071620
80071622
80071624
80071626
80071628
80071630
80071632
80071634
80071636
80071638
80071640
80071642
80071644
80071646
80071648
80071650
80071652
80071654
80071656
80071658
80071660
80071662
80071664
80071666
80071668
80071670
80071672
80071674
80071676
80071678
80071680
80071682
80071684
80071686
80071688
80071690
80071692
80071694
80071696
80071698
80071700
80071702
80071704
80071706
80071708
80071710
80071712
80071714
80071716
80071718
80071720
80071722
80071724
80071726
80071728
80071730
80071732
80071734
80071736
80071738
80071740
80071742
80071744
80071746
80071748
80071750
80071752
80071754
80071756
80071758
80071760
80071762
80071764
80071766
80071768
80071770
80071772
80071774
80071776
80071778
80071780
80071782
80071784
80071786
80071788
80071790
80071792
80071794
80071796
80071798
80071800
80071802
80071804
80071806
80071808
80071810
80071812
80071814
80071816
80071818
80071820
80071822
80071824
80071826
80071828
80071830
80071832
80071834
80071836
80071838
80071840
80071842
80071844
80071846
80071848
80071850
80071852
80071854
80071856
80071858
80071860
80071862
80071864
80071866
80071868
80071870
80071872
80071874
80071876
80071878
80071880
80071882
80071884
80071886
80071888
80071890
80071892
80071894
80071896
80071898
80071900
80071902
80071904
80071906
80071908
80071910
80071912
80071914
80071916
80071918
80071920
80071922
80071924
80071926
80071928
80071930
80071932
80071934
80071936
80071938
80071940
80071942
80071944
80071946
80071948
80072568
80072570
80072572
80072574
80072576
80072578
80072580
80072582
80072584
80072586
80072588
80072590
80072592
80072594
80072596
80072598
80072600
80072602
80072604
80072606
80072608
80072610
80072612
80072614
80072616
80072618
80072620
80072622
80072624
80072626
80072628
80072630
80072632
80072634
80072636
80072638
80072640
80072642
80072644
80072646
80072648
80072650
80072652
80072654
80072656
80072658
80072660
80072662
80072664
80072666
80072668
80072670
80072672
80072674
80072676
80072678
80072680
80072682
80072684
80072686
80072688
80072690
80072692
80072694
80072696
80072698
80072700
80072702
80072704
80072706
80072708
80072710
80072712
80072714
80072716
80072718
80072720
80072722
80072724
80072726
80072728
80072730
80072732
80072734
80072736
80072738
80072740
80072742
80072744
80072746
80072748
80072750
80072752
80072754
80072756
80072758
80072760
80072762
80072764
80072766
80072768
80072770
80072772
80072774
80072776
80072778
80072780
80072782
80072784
80072786
80072788
80072790
80072792
80072794
80072796
80072798
80072800
80072802
80072804
80072806
80072808
80072810
80072812
80072814
80072816
80072818
80072820
80072822
80072824
80072826
80072828
80072830
80072832
80072834
80072836
80072838
80072840
80072842
80072844
80072846
80072848
80072850
80072852
80072854
80072856
80072858
80072860
80072862
80072864
80072866
80072868
80072870
80072872
80072874
80072876
80072878
80072880
80072900
80072902
80072904
80072906
80072908
80072910
80072912
80072914
80072916
80072918
80072920
80072922
80072924
80072926
80072928
80072930
80072932
80072934
80072936
80072938
80072940
80072942
80072944
80072946
80072948
80072950
80072952
80072954
80072956
80072958
80072960
80072962
80072964
80072966
80072968
80072970
80072972
80072974
80072976
80072978
80072980
80072982
80072984
80072986
80072988
80072990
80072992
80072994
80072996
80072998
80073000
80073002
80073004
80073006
80073008
80073010
80073012
80073014
80073016
80073018
80073020
80073022
80073024
80073026
80073028
80073030
80073032
80073034
80073036
80073038
80073040
80073042
80073044
80073046
80073048
80073050
80073052
80073054
80073056
80073058
80073060
80073062
80073064
80073066
80073068
80073070
80073072
80073074
80073076
80073078
80073080
80073082
80073084
80073086
80073088
80073090
80073092
80073094
80073096
80073098
80073100
80073102
80073104
80073106
80073108
80073110
80073112
80073114
80073116
80073118
80073120
80073122
80073124
80073126
80073128
80073130
80073132
80073134
80073136
80073138
80073140
80073142
80073144
80073146
80073148
80073150
80073152
80073154
80073156
80073158
80073160
80073162
80073164
80073166
80073168
80073170
80073172
80073174
80073176
80073178
80073180
80073182
80073184
80073186
80073188
80073190
80073192
80073194
80073196
80073198
80073200
80073202
80073204
80073206
80073208
80073210
80073212
80073214
80073216
80073218
80073220
80073222
80073224
80073226
80073228
80073230
80073232
80073234
80073236
80073238
80073240
80073242
80073244
80073246
80073248
80073250
80073252
80073254
80073256
80073258
80073260
80073262
80073264
80073266
80073268
80073270
80073272
80073274
80073276
80073278
80073280
80073282
80073284
80073286
80073288
80073290
80073292
80073294
80073296
80073298
80073300
80073302
80073304
80073306
80073308
80073310
80073312
80073314
80073316
80073318
80073320
80073322
80073324
80073326
80073328
80073330
80073332
80073334
80073336
80073338
80073340
80073342
80073344
80073346
80073348
80073350
80073352
80073354
80073356
80073358
80073360
80073362
80073364
80073366
80073368
80073370
80073372
80073374
80073376
80073378
80073380
80073382
80073384
80073386
80073388
80073390
80073392
80073394
80073396
80073398
80073400
80073402
80073404
80073406
80073408
80073410
80073412
80073414
80073416
80073418
80073420
80073422
80073424
80073426
80073428
80073430
80073432
80073434
80073436
80073438
80073440
80073442
80073444
80073446
80073448
80073450
80073452
80073454
80073456
80073458
80073460
80073462
80073464
80073466
80073468
80073470
80073472
80073474
80073476
80073478
80073480
80073482
80073484
80073486
80073488
80073490
80073492
80073494
80073496
80073498
80073500
80073502
80073504
80073506
80073508
80073510
80073512
80073514
80073516
80073518
80073520
80073522
80073524
80073526
80073528
80073530
80073532
80073534
80073536
80073538
80073540
80073542
80073544
80073546
80073548
80073550
80073552
80073554
80073556
80073558
80073560
80073562
80073564
80073566
80073568
80073570
80073572
80073574
80073576
80073578
80073580
80073582
80073584
80073586
80073588
80073590
80073592
80073594
80073596
80073598
80073600
80073602
80073604
80073606
80073608
80073610
80073612
80073614
80073616
80073618
80073620
80073622
80073624
80073626
80073628
80073630
80073632
80073634
80073636
80073638
80073640
80073642
80073644
80073646
80073648
80073650
80073652
80073654
80073656
80073658
80073660
80073662
80073664
80073666
80073668
80073670
80073672
80073674
80073676
80073678
80073680
80073682
80073684
80073686
80073688
80073690
80073692
80073694
80073696
80073698
80073700
80073702
80073704
80073706
80073708
80073710
80073712
80073714
80073716
80073718
80073720
80073722
80073724
80073726
80073728
80073730
80073732
80073734
80073736
80073738
80073740
80073742
80073744
80073746
80073748
80073750
80073752
80073754
80073756
80073758
80073760
80073762
80073764
80073766
80073768
80073770
80073772
80073774
80073776
80073778
80073780
80073782
80073784
80073786
80073788
80073790
80073792
80073794
80073796
80073798
80073800
80073802
80073804
80073806
80073808
80073810
80073812
80073814
80073816
80073818
80073820
80073822
80073824
80073826
80073828
80073830
80073832
80073834
80073836
80073838
80073840
80073842
80073844
80073846
80073848
80073850
80073852
80073854
80073856
80073858
80073860
80073862
80073864
80073866
80073868
80073870
80073872
80073874
80073876
80073878
80073880
80073882
80073884
80073886
80073888
80073890
80073892
80073894
80073896
80073898
80073900
80073902
80073904
80073906
80073908
80073910
80073912
80073914
80073916
80073918
80073920
80073922
80073924
80073926
80073928
80073930
80073932
80073934
80073936
80073938
80073940
80073942
80073944
80073946
80073948
80073950
80073952
80073954
80073956
80073958
80073960
80073962
80073964
80073966
80073968
80073970
80073972
80073974
80073976
80073978
80073980
80073982
80073984
80073986
80073988
80073990
80073992
80073994
80073996
80073998
80074000
80074002
80074004
80074006
80074008
80074010
80074012
80074014
80074016
80074018
80074020
80074022
80074024
80074026
80074028
80074030
80074032
80074034
80074036
80074038
80074040
80074042
80074044
80074046
80074048
80074050
80074052
80074054
80074056
80074058
80074060
80074062
80074064
80074066
80074068
80074070
80074072
80074074
80074076
80074078
80074080
80074082
80074084
80074086
80074088
80074090
80074092
80074094
80074096
80074098
80074100
80074102
80074104
80074106
80074108
80074110
80074112
80074114
80074116
80074118
80074120
80074122
80074124
80074126
80074128
80074130
80074132
80074134
80074136
80074138
80074140
80074142
80074144
80074146
80074148
80074150
80074152
80074154
80074156
80074158
80074160
80074162
80074164
80074166
80074168
80074170
80074172
80074174
80074176
80074178
80074180
80074182
80074184
80074186
80074188
80074190
80074192
80074194
80074196
80074198
80074200
80074202
80074204
80074206
80074208
80074210
80074212
80074214
80074216
80074218
80074220
80074222
80074224
80074226
80074228
80074230
80074232
80074234
80074236
80074238
80074240
80074242
80074244
80074246
80074248
80074250
80074252
80074254
80074256
80074258
80074260
80074262
80074264
80074266
80074268
80074270
80074272
80074274
80074276
80074278
80074280
80074282
80074284
80074286
80074288
80074290
80074292
80074294
80074296
80074298
80074300
80074302
80074304
80074306
80074308
80074310
80074312
80074314
80074316
80074318
80074320
80074322
80074324
80074326
80074328
80074330
80074332
80074334
80074336
80074338
80074340
80074342
80074344
80074346
80074348
80074350
80074352
80074354
80074356
80074358
80074360
80074362
80074364
80074366
80074368
80074370
80074372
80074374
80074376
80074378
80074380
80074382
80074384
80074386
80074388
80074390
80074392
80074394
80074396
80074398
80074400
80074402
80074404
80074406
80074408
80074410
80074412
80074414
80074416
80074418
80074420
80074422
80074424
80074426
80074428
80074430
80074432
80074434
80074436
80074438
80074440
80074442
80074444
80074446
80074448
80074450
80074452
80074454
80074456
80074458
80074460
80074462
80074464
80074466
80074468
80074470
80074472
80074474
80074476
80074478
80074480
80074482
80074484
80074486
80074488
80074490
80074492
80074494
80074496
80074498
80074500
80074502
80074504
80074506
80074508
80074510
80074512
80074514
80074516
80074518
80074520
80074522
80074524
80074526
80074528
80074530
80074532
80074534
80074536
80074538
80074540
80074542
80074544
80074546
80074548
80074550
80074552
80074554
80074556
80074558
80074560
80074562
80074564
80074566
80074568
80074570
80074572
80074574
80074576
80074578
80074580
80074582
80074584
80074586
80074588
80074590
80074592
80074594
80074596
80074598
80074600
80074602
80074604
80074606
80074608
80074610
80074612
80074614
80074616
80074618
80074620
80074622
80074624
80074626
80074628
80074630
80074632
80074634
80074636
80074638
80074640
80074642
80074644
80074646
80074648
80074650
80074652
80074654
80074656
80074658
80074660
80074662
80074664
80074666
80074668
80074670
80074672
80074674
80074676
80074678
80074680
80074682
80074684
80074686
80074688
80074690
80074692
80074694
80074696
80074698
80074700
80074702
80074704
80074706
80074708
80074710
80074712
80074714
80074716
80074718
80074720
80074722
80074724
80074726
80074728
80074730
80074732
80074734
80074736
80074738
80074740
80074742
80074744
80074746
80074748
80074750
80074752
80074754
80074756
80074758
80074760
80074762
80074764
80074766
80074768
80074770
80074772
80074774
80074776
80074778
80074780
80074782
80074784
80074786
80074788
80074790
80074792
80074794
80074796
80074798
80074800
80074802
80074804
80074806
80074808
80074810
80074812
80074814
80074816
80074818
80074820
80074822
80074824
80074826
80074828
80074830
80074832
80074834
80074836
80074838
80074840
80074842
80074844
80074846
80074848
80074850
80074852
80074854
80074856
80074858
80074860
80074862
80074864
80074866
80074868
80074870
80074872
80074874
80074876
80074878
80074880
80074882
80074884
80074886
80074888
80074890
80074892
80074894
80074896
80074898
80074900
80074902
80074904
80074906
80074908
80074910
80074912
80074914
80074916
80074918
80074920
80074922
80074924
80074926
80074928
80074930
80074932
80074934
80074936
80074938
80074940
80074942
80074944
80074946
80074948
80074950
80074952
80074954
80074956
80074958
80074960
80074962
80074964
80074966
80074968
80074970
80074972
80074974
80074976
80074978
80074980
80074982
80074984
80074986
80074988
80074990
80074992
80074994
80074996
80074998
80075000
80075002
80075004
80075006
80075008
80075010
80075012
80075014
80075016
80075018
80075020
80075022
80075024
80075026
80075028
80075030
80075032
80075034
80075036
80075038
80075040
80075042
80075044
80075046
80075048
80075050
80075052
80075054
80075056
80075058
80075060
80075062
80075064
80075066
80075068
80075070
80075072
80075074
80075076
80075078
80075080
80075082
80075084
80075086
80075088
80075090
80075092
80075094
80075096
80075098
80075100
80075102
80075104
80075106
80075108
80075110
80075112
80075114
80075116
80075118
80075120
80075122
80075124
80075126
80075128
80075130
80075132
80075134
80075136
80075138
80075140
80075142
80075144
80075146
80075148
80075150
80075152
80075154
80075156
80075158
80075160
80075162
80075164
80075166
80075168
80075170
80075172
80075174
80075176
80075178
80075180
80075182
80075184
80075186
80075188
80075190
80075192
80075194
80075196
80075198
80075200
80075202
80075204
80075206
80075208
80075210
80075212
80075214
80075216
80075218
80075220
80075222
80075224
80075226
80075228
80075230
80075232
80075234
80075236
80075238
80075240
80075242
80075244
80075246
80075248
80075250
80075252
80075254
80075256
80075258
80075260
80075262
80075264
80075266
80075268
80075270
80075272
80075274
80075276
80075278
80075280
80075282
80075284
80075286
80075288
80075290
80075292
80075294
80075296
80075298
80075300
80075302
80075304
80075306
80075308
80075310
80075312
80075314
80075316
80075318
80075320
80075322
80075324
80075326
80075328
80075330
80075332
80075334
80075336
80075338
80075340
80075342
80075344
80075346
80075348
80075350
80075352
80075354
80075356
80075358
80075360
80075362
80075364
80075366
80075368
80075370
80075372
80075374
80075376
80075378
80075380
80075382
80075384
80075386
80075388
80075390
80075392
80075394
80075396
80075398
80075400
80075402
80075404
80075406
80075408
80075410
80075412
80075414
80075416
80075418
80075420
80075422
80075424
80075426
80075428
80075430
80075432
80075434
80075436
80075438
80075440
80075442
80075444
80075446
80075448
80075450
80075452
80075454
80075456
80075458
80075460
80075462
80075464
80075466
80075468
80075470
80075472
80075474
80075476
80075478
80075480
80075482
80075484
80075486
80075488
80075490
80075492
80075494
80075496
80075498
80075500
80075502
80075504
80075506
80075508
80075510
80075512
80075514
80075516
80075518
80075520
80075522
80075524
80075526
80075528
80075530
80075532
80075534
80075536
80075538
80075540
80075542
80075544
80075546
80075548
80075550
80075552
80075554
80075556
80075558
80075560
80075562
80075564
80075566
80075568
80075570
80075572
80075574
80075576
80075578
80075580
80075582
80075584
80075586
80075588
80075590
80075592
80075594
80075596
80075598
80075600
80075602
80075604
80075606
80075608
80075610
80075612
80075614
80075616
80075618
80075620
80075622
80075624
80075626
80075628
80075630
80075632
80075634
80075636
80075638
80075640
80075642
80075644
80075646
80075648
80075650
80075652
80075654
80075656
80075658
80075660
80075662
80075664
80075666
80075668
80075670
80075672
80075674
80075676
80075678
80075680
80075682
80075684
80075686
80075688
80075690
80075692
80075694
80075696
80075698
80075700
80075702
80075704
80075706
80075708
80075710
80075712
80075714
80075716
80075718
80075720
80075722
80075724
80075726
80075728
80075730
80075732
80075734
80075736
80075738
80075740
80075742
80075744
80075746
80075748
80075750
80075752
80075754
80075756
80075758
80075760
80075762
80075764
80075766
80075768
80075770
80075772
80075774
80075776
80075778
80075780
80075782
80075784
80075786
80075788
80075790
80075792
80075794
80075796
80075798
80075800
80075802
80075804
80075806
80075808
80075810
80075812
80075814
80075816
80075818
80075820
80075822
80075824
80075826
80075828
80075830
80075832
80075834
80075836
80075838
80075840
80075842
80075844
80075846
80075848
80075850
80075852
80075854
80075856
80075858
80075860
80075862
80075864
80075866
80075868
80075870
80075872
80075874
80075876
80075878
80075880
80075882
80075884
80075886
80075888
80075890
80075892
80075894
80075896
80075898
80075900
80075902
80075904
80075906
80075908
80075910
80075912
80075914
80075916
80075918
80075920
80075922
80075924
80075926
80075928
80075930
80075932
80075934
80075936
80075938
80075940
80075942
80075944
80075946
80075948
80075950
80075952
80075954
80075956
80075958
80075960
80075962
80075964
80075966
80075968
80075970
80075972
80075974
80075976
80075978
80075980
80075982
80075984
80075986
80075988
80075990
80075992
80075994
80075996
80075998
80076000
80076002
80076004
80076006
80076008
80076010
80076012
80076014
80076016
80076018
80076020
80076022
80076024
80076026
80076028
80076030
80076032
80076034
80076036
80076038
80076040
80076042
80076044
80076046
80076048
80076050
80076052
80076054
80076056
80076058
80076060
80076062
80076064
80076066
80076068
80076070
80076072
80076074
80076076
80076078
80076080
80076082
80076084
80076086
80076088
80076090
80076092
80076094
80076096
80076098
80076100
80076102
80076104
80076106
80076108
80076110
80076112
80076114
80076116
80076118
80076120
80076122
80076124
80076126
80076128
80076130
80076132
80076134
80076136
80076138
80076140
80076142
80076144
80076146
80076148
80076150
80076152
80076154
80076156
80076158
80076160
80076162
80076164
80076166
80076168
80076170
80076172
80076174
80076176
80076178
80076180
80076182
80076184
80076186
80076188
80076190
80076192
80076194
80076196
80076198
80076200
80076202
80076204
80076206
80076208
80076210
80076212
80076214
80076216
80076218
80076220
80076222
80076224
80076226
80076228
80076230
80076232
80076234
80076236
80076238
80076240
80076242
80076244
80076246
80076248
80076250
80076252
80076254
80076256
80076258
80076260
80076262
80076264
80076266
80076268
80076270
80076272
80076274
80076276
80076278
80076280
80076282
80076284
80076286
80076288
80076290
80076292
80076294
80076296
80076298
80076300
80076302
80076304
80076306
80076308
80076310
80076312
80076314
80076316
80076318
80076320
80076322
80076324
80076326
80076328
80076330
80076332
80076334
80076336
80076338
80076340
80076342
80076344
80076346
80076348
80076350
80076352
80076354
80076356
80076358
80076360
80076362
80076364
80076366
80076368
80076370
80076372
80076374
80076376
80076378
80076380
80076382
80076384
80076386
80076388
80076390
80076392
80076394
80076396
80076398
80076400
80076402
80076404
80076406
80076408
80076410
80076412
80076414
80076416
80076418
80076420
80076422
80076424
80076426
80076428
80076430
80076432
80076434
80076436
80076438
80076440
80076442
80076444
80076446
80076448
80076450
80076452
80076454
80076456
80076458
80076460
80076462
80076464
80076466
80076468
80076470
80076472
80076474
80076476
80076478
80076480
80076482
80076484
80076486
80076488
80076490
80076492
80076494
80076496
80076498
80076500
80076502
80076504
80076506
80076508
80076510
80076512
80076514
80076516
80076518
80076520
80076522
80076524
80076526
80076528
80076530
80076532
80076534
80076536
80076538
80076540
80076542
80076544
80076546
80076548
80076550
80076552
80076554
80076556
80076558
80076560
80076562
80076564
80076566
80076568
80076570
80076572
80076574
80076576
80076578
80076580
80076582
80076584
80076586
80076588
80076590
80076592
80076594
80076596
80076598
80076600
80076602
80076604
80076606
80076608
80076610
80076612
80076614
80076616
80076618
80076620
80076622
80076624
80076626
80076628
80076630
80076632
80076634
80076636
80076638
80076640
80076642
80076644
80076646
80076648
80076650
80076652
80076654
80076656
80076658
80076660
80076662
80076664
80076666
80076668
80076670
80076672
80076674
80076676
80076678
80076680
80076682
80076684
80076686
80076688
80076690
80076692
80076694
80076696
80076698
80076700
80076702
80076704
80076706
80076708
80076710
80076712
80076714
80076716
80076718
80076720
80076722
80076724
80076726
80076728
80076730
80076732
80076734
80076736
80076738
80076740
80076742
80076744
80076746
80076748
80076750
80076752
80076754
80076756
80076758
80076760
80076762
80076764
80076766
80076768
80076770
80076772
80076774
80076776
80076778
80076780
80076782
80076784
80076786
80076788
80076790
80076792
80076794
80076796
80076798
80076800
80076802
80076804
80076806
80076808
80076810
80076812
80076814
80076816
80076818
80076820
80076822
80076824
80076826
80076828
80076830
80076832
80076834
80076836
80076838
80076840
80076842
80076844
80076846
80076848
80076850
80076852
80076854
80076856
80076858
80076860
80076862
80076864
80076866
80076868
80076870
80076872
80076874
80076876
80076878
80076880
80076882
80076884
80076886
80076888
80076890
80076892
80076894
80076896
80076898
80076900
80076902
80076904
80076906
80076908
80076910
80076912
80076914
80076916
80076918
80076920
80076922
80076924
80076926
80076928
80076930
80076932
80076934
80076936
80076938
80076940
80076942
80076944
80076946
80076948
80076950
80076952
80076954
80076956
80076958
80076960
80076962
80076964
80076966
80076968
80076970
80076972
80076974
80076976
80076978
80076980
80076982
80076984
80076986
80076988
80076990
80076992
80076994
80076996
80076998
80077000
80077002
80077004
80077006
80077008
80077010
80077012
80077014
80077016
80077018
80077020
80077022
80077024
80077026
80077028
80077030
80077032
80077034
80077036
80077038
80077040
80077042
80077044
80077046
80077048
80077050
80077052
80077054
80077056
80077058
80077060
80077062
80077064
80077066
80077068
80077070
80077072
80077074
80077076
80077078
80077080
80077082
80077084
80077086
80077088
80077090
80077092
80077094
80077096
80077098
80077100
80077102
80077104
80077106
80077108
80077110
80077112
80077114
80077116
80077118
80077120
80077122
80077124
80077126
80077128
80077130
80077132
80077134
80077136
80077138
80077140
80077142
80077144
80077146
80077148
80077150
80077152
80077154
80077156
80077158
80077160
80077162
80077164
80077166
80077168
80077170
80077172
80077174
80077176
80077178
80077180
80077182
80077184
80077186
80077188
80077190
80077192
80077194
80077196
80077198
80077200
80077202
80077204
80077206
80077208
80077210
80077212
80077214
80077216
80077218
80077220
80077222
80077224
80077226
80077228
80077230
80077232
80077234
80077236
80077238
80077240
80077242
80077244
80077246
80077248
80077250
80077252
80077254
80077256
80077258
80077260
80077262
80077264
80077266
80077268
80077270
80077272
80077274
80077276
80077278
80077280
80077282
80077284
80077286
80077288
80077290
80077292
80077294
80077296
80077298
80077300
80077302
80077304
80077306
80077308
80077310
80077312
80077314
80077316
80077318
80077320
80077322
80077324
80077326
80077328
80077330
80077332
80077334
80077336
80077338
80077340
80077342
80077344
80077346
80077348
80077350
80077352
80077354
80077356
80077358
80077360
80077362
80077364
80077366
80077368
80077370
80077372
80077374
80077376
80077378
80077380
80077382
80077384
80077386
80077388
80077390
80077392
80077394
80077396
80077398
80077400
80077402
80077404
80077406
80077408
80077410
80077412
80077414
80077416
80077418
80077420
80077422
80077424
80077426
80077428
80077430
80077432
80077434
80077436
80077438
80077440
80077442
80077444
80077446
80077448
80077450
80077452
80077454
80077456
80077458
80077460
80077462
80077464
80077466
80077468
80077470
80077472
80077474
80077476
80077478
80077480
80077482
80077484
80077486
80077488
80077490
80077492
80077494
80077496
80077498
80077500
80077502
80077504
80077506
80077508
80077510
80077512
80077514
80077516
80077518
80077520
80077522
80077524
80077526
80077528
80077530
80077532
80077534
80077536
80077538
80077540
80077542
80077544
80077546
80077548
80077550
80077552
80077554
80077556
80077558
80077560
80077562
80077564
80077566
80077568
80077570
80077572
80077574
80077576
80077578
80077580
80077582
80077584
80077586
80077588
80077590
80077592
80077594
80077596
80077598
80077600
80077602
80077604
80077606
80077608
80077610
80077612
80077614
80077616
80077618
80077620
80077622
80077624
80077626
80077628
80077630
80077632
80077634
80077636
80077638
80077640
80077642
80077644
80077646
80077648
80077650
80077652
80077654
80077656
80077658
80077660
80077662
80077664
80077666
80077668
80077670
80077672
80077674
80077676
80077678
80077680
80077682
80077684
80077686
80077688
80077690
80077692
80077694
80077696
80077698
80077700
80077702
80077704
80077706
80077708
80077710
80077712
80077714
80077716
80077718
80077720
80077722
80077724
80077726
80077728
80077730
80077732
80077734
80077736
80077738
80077740
80077742
80077744
80077746
80077748
80077750
80077752
80077754
80077756
80077758
80077760
80077762
80077764
80077766
80077768
80077770
80077772
80077774
80077776
80077778
80077780
80077782
80077784
80077786
80077788
80077790
80077792
80077794
80077796
80077798
80077800
80077802
80077804
80077806
80077808
80077810
80077812
80077814
80077816
80077818
80077820
80077822
80077824
80077826
80077828
80077830
80077832
80077834
80077836
80077838
80077840
80077842
80077844
80077846
80077848
80077850
80077852
80077854
80077856
80077858
80077860
80077862
80077864
80077866
80077868
80077870
80077872
80077874
80077876
80077878
80077880
80077882
80077884
80077886
80077888
80077890
80077892
80077894
80077896
80077898
80077900
80077902
80077904
80077906
80077908
80077910
80077912
80077914
80077916
80077918
80077920
80077922
80077924
80077926
80077928
80077930
80077932
80077934
80077936
80077938
80077940
80077942
80077944
80077946
80077948
80077950
80077952
80077954
80077956
80077958
80077960
80077962
80077964
80077966
80077968
80077970
80077972
80077974
80077976
80077978
80077980
80077982
80077984
80077986
80077988
80077990
80077992
80077994
80077996
80077998
80078000
80078002
80078004
80078006
80078008
80078010
80078012
80078014
80078016
80078018
80078020
80078022
80078024
80078026
80078028
80078030
80078032
80078034
80078036
80078038
80078040
80078042
80078044
80078046
80078048
80078050
80078052
80078054
80078056
80078058
80078060
80078062
80078064
80078066
80078068
80078070
80078072
80078074
80078076
80078078
80078080
80078082
80078084
80078086
80078088
80078090
80078092
80078094
80078096
80078098
80078100
80078102
80078104
80078106
80078108
80078110
80078112
80078114
80078116
80078118
80078120
80078122
80078124
80078126
80078128
80078130
80078132
80078134
80078136
80078138
80078140
80078142
80078144
80078146
80078148
80078150
80078152
80078154
80078156
80078158
80078160
80078162
80078164
80078166
80078168
80078170
80078172
80078174
80078176
80078178
80078180
80078182
80078184
80078186
80078188
80078190
80078192
80078194
80078196
80078198
80078200
80078202
80078204
80078206
80078208
80078210
80078212
80078214
80078216
80078218
80078220
80078222
80078224
80078226
80078228
80078230
80078232
80078234
80078236
80078238
80078240
80078242
80078244
80078246
80078248
80078250
80078252
80078254
80078256
80078258
80078260
80078262
80078264
80078266
80078268
80078270
80078272
80078274
80078276
80078278
80078280
80078282
80078284
80078286
80078288
80078290
80078292
80078294
80078296
80078298
80078300
80078302
80078304
80078306
80078308
80078310
80078312
80078314
80078316
80078318
80078320
80078322
80078324
80078326
80078328
80078330
80078332
80078334
80078336
80078338
80078340
80078342
80078344
80078346
80078348
80078350
80078352
80078354
80078356
80078358
80078360
80078362
80078364
80078366
80078368
80078370
80078372
80078374
80078376
80078378
80078380
80078382
80078384
80078386
80078388
80078390
80078392
80078394
80078396
80078398
80078400
80078402
80078404
80078406
80078408
80078410
80078412
80078414
80078416
80078418
80078420
80078422
80078424
80078426
80078428
80078430
80078432
80078434
80078436
80078438
80078440
80078442
80078444
80078446
80078448
80078450
80078452
80078454
80078456
80078458
80078460
80078462
80078464
80078466
80078468
80078470
80078472
80078474
80078476
80078478
80078480
80078482
80078484
80078486
80078488
80078490
80078492
80078494
80078496
80078498
80078500
80078502
80078504
80078506
80078508
80078510
80078512
80078514
80078516
80078518
80078520
80078522
80078524
80078526
80078528
80078530
80078532
80078534
80078536
80078538
80078540
80078542
80078544
80078546
80078548
80078550
80078552
80078554
80078556
80078558
80078560
80078562
80078564
80078566
80078568
80078570
80078572
80078574
80078576
80078578
80078580
80078582
80078584
80078586
80078588
80078590
80078592
80078594
80078596
80078598
80078600
80078602
80078604
80078606
80078608
80078610
80078612
80078614
80078616
80078618
80078620
80078622
80078624
80078626
80078628
80078630
80078632
80078634
80078636
80078638
80078640
80078642
80078644
80078646
80078648
80078650
80078652
80078654
80078656
80078658
80078660
80078662
80078664
80078666
80078668
80078670
80078672
80078674
80078676
80078678
80078680
80078682
80078684
80078686
80078688
80078690
80078692
80078694
80078696
80078698
80078700
80078702
80078704
80078706
80078708
80078710
80078712
80078714
80078716
80078718
80078720
80078722
80078724
80078726
80078728
80078730
80078732
80078734
80078736
80078738
80078740
80078742
80078744
80078746
80078748
80078750
80078752
80078754
80078756
80078758
80078760
80078762
80078764
80078766
80078768
80078770
80078772
80078774
80078776
80078778
80078780
80078782
80078784
80078786
80078788
80078790
80078792
80078794
80078796
80078798
80078800
80078802
80078804
80078806
80078808
80078810
80078812
80078814
80078816
80078818
80078820
80078822
80078824
80078826
80078828
80078830
80078832
80078834
80078836
80078838
80078840
80078842
80078844
80078846
80078848
80078850
80078852
80078854
80078856
80078858
80078860
80078862
80078864
80078866
80078868
80078870
80078872
80078874
80078876
80078878
80078880
80078882
80078884
80078886
80078888
80078890
80078892
80078894
80078896
80078898
80078900
80078902
80078904
80078906
80078908
80078910
80078912
80078914
80078916
80078918
80078920
80078922
80078924
80078926
80078928
80078930
80078932
80078934
80078936
80078938
80078940
80078942
80078944
80078946
80078948
80078950
80078952
80078954
80078956
80078958
80078960
80078962
80078964
80078966
80078968
80078970
80078972
80078974
80078976
80078978
80078980
80078982
80078984
80078986
80078988
80078990
80078992
80078994
80078996
80078998
80079000
80079002
80079004
80079006
80079008
80079010
80079012
80079014
80079016
80079018
80079020
80079022
80079024
80079026
80079028
80079030
80079032
80079034
80079036
80079038
80079040
80079042
80079044
80079046
80079048
80079050
80079052
80079054
80079056
80079058
80079060
80079062
80079064
80079066
80079068
80079070
80079072
80079074
80079076
80079078
80079080
80079082
80079084
80079086
80079088
80079090
80079092
80079094
80079096
80079098
80079100
80079102
80079104
80079106
80079108
80079110
80079112
80079114
80079116
80079118
80079120
80079122
80079124
80079126
80079128
80079130
80079132
80079134
80079136
80079138
80079140
80079142
80079144
80079146
80079148
80079150
80079152
80079154
80079156
80079158
80079160
80079162
80079164
80079166
80079168
80079170
80079172
80079174
80079176
80079178
80079180
80079182
80079184
80079186
80079188
80079190
80079192
80079194
80079196
80079198
80079200
80079202
80079204
80079206
80079208
80079210
80079212
80079214
80079216
80079218
80079220
80079222
80079224
80079226
80079228
80079230
80079232
80079234
80079236
80079238
80079240
80079242
80079244
80079246
80079248
80079250
80079252
80079254
80079256
80079258
80079260
80079262
80079264
80079266
80079268
80079270
80079272
80079274
80079276
80079278
80079280
80079282
80079284
80079286
80079288
80079290
80079292
80079294
80079296
80079298
80079300
80079302
80079304
80079306
80079308
80079310
80079312
80079314
80079316
80079318
80079320
80079322
80079324
80079326
80079328
80079330
80079332
80079334
80079336
80079338
80079340
80079342
80079344
80079346
80079348
80079350
80079352
80079354
80079356
80079358
80079360
80079362
80079364
80079366
80079368
80079370
80079372
80079374
80079376
80079378
80079380
80079382
80079384
80079386
80079388
80079390
80079392
80079394
80079396
80079398
80079400
80079402
80079404
80079406
80079408
80079410
80079412
80079414
80079416
80079418
80079420
80079422
80079424
80079426
80079428
80079430
80079432
80079434
80079436
80079438
80079440
80079442
80079444
80079446
80079448
80079450
80079452
80079454
80079456
80079458
80079460
80079462
80079464
80079466
80079468
80079470
80079472
80079474
80079476
80079478
80079480
80079482
80079484
80079486
80079488
80079490
80079492
80079494
80079496
80079498
80079500
80079502
80079504
80079506
80079508
80079510
80079512
80079514
80079516
80079518
80079520
80079522
80079524
80079526
80079528
80079530
80079532
80079534
80079536
80079540
80079542
80079544
80079546
80079548
80079550
80079552
80079554
80079556
80079558
80079560
80079562
80079564
80079566
80079568
80079570
80079572
80079574
80079576
80079578
80079580
80079582
80079584
80079586
80079588
80079590
80079592
80079594
80079596
80079600
80079602
80079604
80079606
80079608
80079610
80079612
80079614
80079616
80079618
80079620
80079622
80079624
80079626
80079628
80079630
80079632
80079634
80079636
80079638
80079640
80079642
80079644
80079646
80079648
80079650
80079652
80079654
80079656
80079658
80079660
80079662
80079666
80079668
80079670
80079672
80079674
80079676
80079678
80079680
80079682
80079684
80079686
80079688
80079690
80079692
80079696
80079698
80079700
80079702
80079704
80079706
80079708
80079710
80079712
80079714
80079718
80079720
80079722
80079724
80079726
80079728
80079730
80079732
80079734
80079736
80079738
80079740
80079742
80079744
80079746
80079748
80079750
80079752
80079754
80079756
80079758
80079760
80079762
80079764
80079766
80079768
80079770
80079772
80079774
80079776
80079780
80079782
80079784
80079786
80079788
80079790
80079792
80079794
80079796
80079798
80079800
80079804
80079808
80079812
80079818
80079820
80079822
80079824
80079826
80079828
80079830
80079832
80079834
80079836
80079838
80079840
80079842
80079844
80079846
80079848
80079850
80079852
80079854
80079856
80079862
80079864
80079866
80079868
80079870
80079872
80079874
80079876
80079878
80079880
80079882
80079884
80079886
80079888
80079890
80079894
80079896
80079898
80079900
80079902
80079904
80079906
80079908
80079910
80079912
80079914
80079916
80079918
80079920
80079922
80079924
80079926
80079928
80079930
80079932
80079934
80079936
80079938
80079940
80079942
80079944
80079946
80079948
80079950
80079952
80079954
80079956
80079958
80079960
80079962
80079964
80079966
80079968
80079970
80079972
80079976
80079978
80079980
80079982
80079984
80079986
80079988
80079990
80079992
80079994
80079996
80079998
80080000
80080002
80080004
80080006
80080008
80080010
80080012
80080014
80080016
80080018
80080020
80080022
80080024
80080028
80080030
80080032
80080034
80080038
80080040
80080042
80080044
80080046
80080048
80080050
80080052
80080054
80080056
80080058
80080060
80080062
80080064
80080066
80080068
80080070
80080072
80080074
80080076
80080078
80080080
80080082
80080084
80080086
80080088
80080090
80080092
80080094
80080096
80080098
80080102
80080104
80080106
80080108
80080110
80080112
80080114
80080116
80080118
80080120
80080122
80080124
80080126
80080128
80080130
80080132
80080134
80080136
80080138
80080140
80080142
80080144
80080146
80080148
80080150
80080152
80080154
80080156
80080158
80080160
80080162
80080164
80080168
80080170
80080172
80080174
80080176
80080178
80080180
80080182
80080184
80080186
80080188
80080190
80080192
80080194
80080196
80080198
80080200
80080202
80080204
80080206
80080208
80080210
80080212
80080214
80080216
80080218
80080220
80080222
80080224
80080226
80080230
80080232
80080234
80080236
80080238
80080240
80080242
80080244
80080246
80080248
80080250
80080252
80080254
80080256
80080258
80080260
80080262
80080264
80080266
80080268
80080270
80080272
80080274
80080276
80080278
80080280
80080284
80080286
80080288
80080290
80080292
80080294
80080296
80080298
80080300
80080302
80080304
80080306
80080308
80080310
80080312
80080314
80080316
80080318
80080320
80080322
80080324
80080326
80080328
80080330
80080332
80080334
80080336
80080338
80080340
80080342
80080346
80080348
80080350
80080352
80080354
80080356
80080358
80080360
80080362
80080364
80080366
80080368
80080370
80080372
80080374
80080376
80080378
80080380
80080382
80080384
80080388
80080390
80080392
80080394
80080396
80080398
80080400
