20003071
20003075
20003079
20003083
20003087
20003091
20003095
20003099
20003103
20003107
20003111
20003115
20003119
20003123
20003127
20003131
20003135
20003139
20003143
20003147
20003151
20003155
20003159
20003163
20003167
20003171
20003175
20003179
20003183
20003187
20003191
20003195
20003199
20003203
20003207
20003211
20003215
20003219
20003223
20003227
20003231
20003235
20003239
20003243
20003247
20003251
20003255
20003259
20003263
20003267
20003271
20003275
20003279
20003283
20003287
20003291
20003295
20003299
20003303
20003307
20003315
20003319
20003323
20003327
20003331
20003335
20003339
20003343
20003347
20003351
20003355
20003359
20003363
20003367
20003371
20003375
20003379
20003383
20003387
20003391
20003395
20003399
20003403
20003407
20003411
20003415
20003419
20003423
20003427
20003431
20003435
20003439
20003443
20003447
20003451
20003455
20003459
20003463
20003467
20003471
20003475
20003479
20003483
20003487
20003491
20003495
20003499
20003503
20003507
20003511
20003515
20003519
20003523
20003527
20003531
20003535
20003539
20003543
20003547
20003551
20003555
20003559
20003563
20003567
20003571
20003579
20003583
20003587
20003591
20003595
20003599
20003603
20003607
20003611
20003615
20003619
20003623
20003627
20003631
20003635
20003639
20003643
20003647
20003651
20003655
20003659
20003663
20003667
20003671
20003675
20003679
20003683
20003687
20003691
20003695
20003699
20003703
20003707
20003711
20003715
20003719
20003723
20003727
20003731
20003735
20003739
20003743
20003747
20003751
20003755
20003759
20003763
20003767
20003771
20003775
20003779
20003783
20003787
20003791
20003795
20003799
20003803
20003807
20003811
20003815
20003819
20003823
20003827
20003831
20003835
20003839
20003843
20003847
20003851
20003855
20003859
20003863
20003867
20003871
20003875
20003879
20003883
20003887
20003891
20003895
20003899
20003903
20003907
20003911
20003915
20003919
20003923
20003927
20003931
20003935
20003939
20003943
20003947
20003951
20003955
20003959
20003963
20003967
20003971
20003975
20003979
20003983
20003987
20003991
20003995
20003999
20004003
20004007
20004011
20004015
20004019
20004023
20004027
20004031
20004035
20004039
20004043
20004047
20004051
20004055
20004059
20004063
20004067
20004071
20004079
20004083
20004087
20004091
20004095
20004099
20004103
20031219
20031223
20031227
20031231
20031235
20031243
20031247
20031255
20031259
20031263
20031267
20031271
20031275
20031283
20031291
20031295
20031299
20031303
20031307
20031311
20031315
20031319
20031323
20031327
20031331
20031335
20031339
20031343
20031347
20031351
20031355
20031359
20031371
20031375
20031379
20031383
20031387
20031391
20031395
20031399
20031403
20031407
20031411
20031415
20031419
20031423
20031427
20031431
20031435
20031439
20031443
20031447
20031451
20031455
20031459
20031463
20031467
20031471
20047879
20047883
20047887
20047891
20047895
20047899
20047903
20047907
20047911
20047915
20047919
20047923
20047927
20047931
20047935
20047939
20047943
20047947
20047951
20047955
20047959
20047963
20047967
20047971
20047975
20047979
20047983
20047987
20047991
20047995
20047999
20048003
20048007
20048011
20048015
20048019
20048023
20048027
20048031
20048035
20048039
20048043
20048047
20048051
20048055
20048059
20048063
20048067
20048071
20048075
20048079
20048083
20048087
20048091
20048095
20048099
20048103
20048107
20048111
20048115
20048119
20048123
20048127
20048131
20048143
20048151
20048155
20048159
20048163
20048167
20048171
20048175
20048179
20048191
20048195
20048199
20048203
20048207
20048211
20048215
20048219
20048223
20048227
20048231
20048235
20048239
20048243
20048247
20048251
20048255
20048259
20048263
20048267
20048271
20048275
20048279
20048283
20048287
20048291
20048295
20048299
20048303
20048307
20048311
20048315
20048319
20048323
20048327
20048331
20048335
20048339
20048343
20048347
20048351
20048355
20048359
20048363
20048367
20048371
20048375
20048379
20048383
20048391
20048395
20048399
20048403
20048407
20048411
20048415
20048419
20048423
20048427
20048431
20048435
20048439
20048443
20048447
20048451
20048455
20048459
20048463
20048467
20048471
20048479
20048483
20048487
20048491
20048495
20048499
20048503
20048507
20048511
20048515
20048519
20048523
20048527
20048531
20048535
20048539
20048543
20048547
20048551
20048555
20048559
20048563
20048567
20048571
20048575
20048579
20048583
20048587
20048591
20048595
20048599
20048603
20048607
20048611
20048615
20048619
20048623
20048627
20048631
20048635
20048639
20048643
20048647
20076811
20076815
20076819
20076823
20076827
20076831
20076835
20076839
20076843
20076847
20076855
20076859
20076863
20076867
20076871
20076875
20076879
20076883
20076887
20076891
20076895
20076899
20076903
20076907
20076911
20076915
20076919
20076923
20076927
20076931
20076935
20076939
20076943
20076947
20076951
20076955
20076959
20076963
20076967
20076971
20076975
20076979
20076983
20076987
20076991
20081931
20081935
20081939
20081943
20081947
20081955
20081959
20081963
20081967
20081971
20081975
20081979
20081983
20081987
20081991
20081995
20081999
20082003
20082007
20082011
20082015
20082019
20082023
20082027
20082031
20082035
20082039
20082043
20082047
20082051
20082055
20082059
20082063
20082067
20082071
20082075
20082079
20082083
20082087
20082091
20082095
20082099
20082103
20082107
20082111
20082115
20082119
20082123
20082127
20082131
20082135
20082139
20082143
20082147
20082151
20082155
20082159
20082163
20082167
20082171
20082175
20082179
20082183
20082187
20082191
20082195
20082199
20082203
20082207
20082211
20082215
20082219
20082223
20082227
20082231
20082235
20082239
20082243
20082247
20082251
20082255
20082259
20082263
20082267
20082271
20082275
20082279
20082283
20082287
20082291
20082295
20082299
20082303
20082307
20082311
20082315
20082319
20082323
20082331
20082335
20082339
20082343
20082347
20082351
20082355
20082359
20082363
20082367
20082371
20082375
20082379
20082383
20082387
20082391
20082395
20082399
20082403
20082407
20082411
20082415
20082423
20082427
20082431
20082435
20082439
20082443
20082447
20082451
20082455
20082459
20082463
20082467
20082471
20082475
20082479
20082483
20082487
20082491
20082495
20082499
20082503
20082507
20082511
20082515
20082519
20082523
20082527
20082531
20082535
20082539
20082543
20082547
20082551
20082555
20082559
20082563
20082567
20082571
20082575
20082579
20082583
20082587
20082591
20082595
20082599
20082603
20082607
20082611
20082615
20082619
20082623
20082627
20082631
20082635
20082639
20082643
20082647
20082651
20082655
20082659
20082663
20082667
20082671
20082675
20082679
20082683
20082687
20082695
20082699
20082703
20082707
20082711
20082715
20082719
20082723
20082727
20082731
20082735
20082739
20082743
20082747
20082751
20082755
20082759
20082763
20082767
20082771
20082775
20082779
20082783
20082787
20082791
20082795
20082799
20082803
20082807
20082811
20082815
20082819
20082823
20082827
20082831
20082835
20082839
20082843
20082847
20082851
20082855
20082859
20082863
20082867
20082871
20082875
20082879
20082883
20082887
20082891
20082895
20082899
20082903
20082907
20082911
20082915
20082919
20082923
20082927
20082931
20082939
20082943
20082947
20082951
20082955
20082959
20082963
20082967
20082971
20082975
20082979
20082983
20082987
20082991
20082995
20082999
20083003
20083007
20083011
20083015
20083019
20083023
20083027
20083031
20083035
20083039
20083043
20083047
20083051
20083055
20083059
20083063
20083067
20083071
20083075
20083079
20083083
20083087
20083091
20083095
20083099
20083103
20083107
20083111
20083115
20083119
20083123
20083127
20083131
20083135
20083139
20083143
20083147
20083151
20083155
20083159
20083163
20083167
20083171
20083175
20083179
20083183
20083187
20083191
20083195
20083199
20083203
20083207
20083215
20083219
20083223
20083227
20083231
20083235
20083239
20083243
20083247
20083251
20083255
20083259
20083263
20083267
20083271
20083275
20083279
20083283
20083287
20083291
20083295
20083299
20083303
20083307
20083311
20083315
20083319
20083323
20083327
20083331
20083335
20083339
20083343
20083347
20083351
20083355
20083359
20083363
20083367
20083371
20083375
20083379
20083383
20083387
20083391
20083395
20083399
20083407
20083411
20083415
20083419
20083423
20083427
20083431
20083435
20083439
20083443
20083447
20083451
20083455
20083459
20083463
20083467
20083471
20083475
20083479
20083483
20083487
20083491
20083495
20083499
20083503
20083507
20083511
20083515
20083519
20083523
20083527
20083531
20083535
20083539
20083543
20083547
20083551
20083555
20083559
20083563
20083567
20083571
20083575
20083579
20108215
20108219
20108223
20108227
20108231
20108235
20108243
20108247
20108251
20108255
20108259
20108263
20108267
20108271
20108275
20108279
20108283
20108287
20108291
20108295
20108299
20108303
20108307
20108311
20108315
20108319
20108323
20108327
20108331
20108335
20108339
20108343
20108347
20108351
20108355
20108359
20108363
20108367
20108371
20108375
20108379
20108383
20108387
20108391
20108395
20108399
20108403
20108407
20108411
20108415
20108419
20108423
20108427
20108431
20108435
20108439
20108443
20108447
20108451
20108455
20108459
20108463
20108467
20108471
20108475
20108479
20108483
20108487
20108491
20108495
20108503
20108507
20108511
20108519
20108523
20108527
20108531
20108535
20108539
20108543
20108547
20108555
20108559
20108563
20108567
20108571
20108575
20108579
20108583
20108587
20108591
20108595
20108599
20108607
20108611
20108615
20108619
20108623
20108627
20108631
20108635
20108639
20108643
20108647
20108651
20108655
20108659
20108663
20108667
20108671
20108675
20108679
20108683
20108687
20108691
20108695
20108699
20108703
20108707
20108711
20108715
20108719
20108723
20108727
20108731
20108735
20108739
20108743
20108747
20108751
20108755
20108759
20108763
20108767
20108771
20108775
20108779
20108783
20108787
20108791
20108795
20108799
20108803
20108807
20108811
20108815
20108819
20108823
20108827
20108831
20108835
20108839
20108843
20108847
20108851
20108855
20108859
20108863
20108867
20108871
20108875
20108879
20108883
20108891
20108895
20108899
20108903
20108907
20108911
20108915
20108919
20108923
20108927
20108931
20108935
20108943
20108947
20108951
20108955
20108959
20108963
20108967
20108971
20108975
20108979
20108983
20108987
20108995
20108999
20109003
20109007
20109011
20109015
20109019
20109023
20109027
20109031
20109035
20109039
20109043
20109047
20109051
20109059
20109067
20109071
20109075
20109079
20109083
20109087
20109091
20109099
20109103
20109107
20109111
20109115
20109119
20109123
20109127
20109131
20109135
20109139
20109143
20110223
20110227
20110231
20110235
20110239
20110243
20110247
20110251
20110255
20110259
20110263
20110267
20110271
20110275
20110279
20110283
20110287
20110291
20110295
20110299
20110303
20110307
20110311
20110315
20110319
20110323
20110327
20110331
20110335
20110339
20110343
20110347
20110351
20110355
20110359
20110363
20110367
20110371
20110375
20110379
20110383
20110387
20110391
20110395
20110399
20110403
20110407
20110415
20110419
20110423
20110427
20110431
20110435
20110439
20110443
20110447
20110451
20110455
20110459
20110463
20110467
20110471
20110475
20110479
20110483
20110487
20110491
20110495
20110499
20110503
20110507
20110511
20110515
20110519
20110523
20110527
20110531
20110535
20110539
20110543
20110547
20110551
20110555
20110559
20110567
20110571
20110575
20110579
20110583
20110587
20110591
20110595
20110599
20110603
20110607
20110611
20110615
20110619
20110623
20110627
20110635
20110639
20110643
20110647
20110651
20110655
20110659
20110663
20110667
20110671
20110675
20110679
20110683
20110687
20110691
20110695
20110699
20110703
20110707
20110711
20110715
20110719
20110723
20110727
20110731
20110735
20110739
20110743
20110747
20110751
20110755
20110759
20110763
20110767
20110771
20110775
20110779
20110783
20110787
20110791
20110795
20110799
20110803
20110807
20110811
20110815
20110819
20110823
20110827
20110831
20110835
20110839
20110843
20110847
20110851
20110855
20110859
20110863
20110867
20110871
20110875
20110879
20110883
20110887
20110891
20110895
20110899
20110903
20110907
20110911
20110915
20110919
20110923
20110927
20110931
20110935
20110939
20110943
20110947
20110951
20110955
20110959
20110963
20110967
20110971
20110975
20110979
20110983
20110987
20110991
20110995
20110999
20111007
20111011
20111015
20111019
20111023
20111027
20111031
20111035
20111039
20111043
20111047
20111051
20111055
20111059
20111063
20111067
20111071
20111075
20111079
20111083
20111087
20111091
20111095
20111099
20111103
20111107
20111111
20111115
20111119
20111123
20111127
20111131
20111135
20111143
20111147
20111151
20111155
20111159
20111163
20111167
20111171
20111175
20111179
20111183
20111187
20111191
20111195
20111199
20111203
20111207
20111211
20111215
20111219
20111223
20111227
20111231
20111235
20111239
20111243
20111247
20111251
20111255
20111259
20111263
20111267
20111271
20111275
20111279
20111283
20111287
20111291
20111295
20111299
20111303
20111307
20111311
20111315
20111319
20111323
20111327
20111331
20111335
20111339
20111343
20111347
20111351
20111355
20111359
20111363
20111367
20111371
20111375
20111379
20111383
20111387
20111391
20111395
20111399
20111403
20111407
20111415
20111419
20111423
20111427
20111431
20111435
20111439
20111443
20111447
20111451
20111455
20111459
20111463
20111467
20111471
20111475
20111479
20111483
20111487
20111491
20111495
20111499
20111503
20111507
20111511
20111515
20111519
20111523
20111527
20111531
20111535
20111539
20111543
20111547
20111551
20111555
20111559
20111563
20111567
20111571
20111575
20111579
20111583
20111587
20111591
20111595
20111599
20111603
20111607
20111611
20111615
20111619
20111623
20111627
20111631
20111635
20111639
20111643
20111647
20111651
20111655
20111659
20111663
20111667
20111671
20111679
20111683
20111687
20111691
20111695
20111699
20111703
20111707
20111711
20111715
20111719
20111723
20111727
20111731
20111735
20111739
20111743
20111747
20111751
20111755
20111759
20111763
20111767
20111771
20111775
20111779
20111783
20111787
20111791
20111795
20111799
20111803
20111807
20111811
20111815
20111819
20111823
20111827
20111831
20111835
20111839
20111843
20111847
20111851
20111855
20111859
20111863
20111867
20111871
20111875
20111879
20111883
20111887
20111891
20111895
20111903
20111907
20111911
20111915
20111919
20111923
20111927
20111931
20111935
20111939
20111943
20111947
20111951
20111955
20111959
20111963
20111967
20111971
20111975
20111979
20111983
20111987
20111991
20111995
20111999
20112003
20112007
20112011
20112015
20112019
20112023
20112027
20112031
20112035
20112039
20112043
20112047
20112051
20112055
20112059
20112063
20112067
20112071
20112075
20112079
20112083
20112087
20112095
20112099
20112103
20112107
20112111
20112115
20112119
20112123
20112127
20112131
20112135
20112139
20112143
20112151
20112155
20112159
20112163
20112167
20112187
20112191
20112195
20112199
20112203
20112207
20112211
20112219
20112223
20112227
20112231
20112235
20112239
20112243
20112247
20112251
20112255
20112259
20112263
20112267
20112271
20112275
20112279
20112283
20112287
20112291
20112295
20112299
20112303
20112307
20112311
20112315
20112319
20112323
20112327
20112331
20112335
20112339
20112343
20112347
20112351
20112355
20112359
20112363
20112367
20112371
20112375
20112379
20112383
20112387
20112391
20112395
20112399
20112403
20112407
20112411
20112415
20112419
20112423
20112427
20112431
20112435
20112439
20112443
20112447
20112451
20112455
20112459
20112463
20112467
20112471
20112475
20112479
20112483
20112487
20112491
20112495
20112499
20112503
20112507
20112511
20112515
20112519
20112523
20112527
20112531
20112535
20112539
20112543
20112547
20112551
20112555
20112559
20112563
20112567
20112571
20112575
20112579
20112583
20112587
20112591
20112595
20112599
20112603
20112607
20112611
20112615
20112619
20112623
20112627
20112631
20112635
20112639
20112643
20112647
20112651
20112655
20112659
20112663
20112667
20112671
20112675
20112679
20112683
20112687
20112691
20112695
20112699
20112703
20112707
20112711
20112715
20112719
20112723
20112727
20112731
20112735
20112739
20112743
20112747
20112751
20112755
20112759
20112763
20112767
20112771
20112775
20112779
20112783
20112787
20112791
20112795
20112799
20112803
20112807
20112811
20112815
20112819
20112823
20112827
20112831
20112835
20112839
20112843
20112847
20112851
20112855
20112859
20112863
20112867
20112871
20112875
20112879
20112883
20112887
20112891
20112895
20112899
20112903
20112907
20112911
20112915
20112919
20112923
20112927
20112931
20112935
20112939
20112943
20112947
20112951
20112955
20112959
20112963
20112967
20112971
20112975
20112979
20112983
20112987
20112991
20112995
20112999
20113003
20113007
20113011
20113015
20113019
20113023
20113027
20113031
20113035
20113039
20113047
20113051
20113059
20113063
20113067
20113071
20113075
20113079
20113083
20113087
20113091
20113095
20113099
20113103
20113107
20113111
20113115
20113119
20113123
20113127
20113131
20113135
20113139
20113143
20113147
20113151
20113155
20113159
20113163
20113167
20113171
20113175
20113179
20113183
20113187
20113191
20113195
20113199
20113203
20113207
20113211
20113215
20113219
20113223
20113227
20113231
20113235
20113239
20113243
20113247
20113251
20113255
20113259
20113263
20113267
20113271
20113275
20113279
20113283
20113287
20113291
20113295
20113299
20113303
20113307
20113311
20113315
20113319
20113323
20113327
20113331
20113335
20113339
20113343
20113347
20113351
20113355
20113359
20113363
20113367
20113371
20113375
20113379
20113383
20113387
20113391
20113395
20113399
20113403
20113407
20113411
20113415
20113419
20113423
20113427
20113431
20113435
20113439
20113443
20113447
20113451
20113455
20113459
20113463
20113467
20113471
20113475
20113479
20113483
20113487
20113491
20113495
20113499
20113503
20113507
20113511
20113515
20113519
20113523
20113527
20113531
20113535
20113539
20113543
20113547
20113551
20113555
20113559
20113563
20113567
20113571
20113575
20113579
20113583
20113587
20113591
20113595
20113599
20113603
20113607
20113611
20113615
20113619
20113623
20113627
20113631
20113635
20113639
20113643
20113647
20113651
20113655
20113659
20113663
20113667
20113671
20113675
20113679
20113683
20113687
20113691
20113695
20113699
20113703
20113707
20113711
20113715
20113719
20113723
20113727
20113731
20113735
20113739
20113743
20113747
20113751
20113755
20113759
20113763
20113767
20113771
20113775
20113779
20113783
20113787
20113791
20113795
20113799
20113803
20113807
20113811
20113815
20113819
20113823
20113827
20113831
20113835
20113839
20113843
20113847
20113851
20113855
20113859
20113863
20113867
20113871
20113875
20113879
20113883
20113887
20113891
20113895
20113899
20113903
20113907
20113911
20113915
20113919
20113923
20113927
20113931
20113935
20113939
20113943
20113947
20113951
20113955
20113959
20113963
20113967
20113971
20113975
20113979
20113983
20113987
20113991
20113995
20113999
20114003
20114007
20114011
20114015
20114019
20114023
20114027
20114031
20114035
20114039
20114043
20114047
20114051
20114055
20114059
20114063
20114067
20114071
20114075
20114079
20114083
20114087
20114091
20114095
20114099
20114103
20114107
20114111
20114115
20114119
20114123
20114127
20114131
20114135
20114139
20114143
20114147
20114151
20114155
20114159
20114163
20114167
20114171
20114175
20114179
20114183
20114187
20114191
20114195
20114199
20114203
20114207
20114211
20114215
20114219
20114223
20114227
20114231
20114247
20114251
20114255
20114259
20114263
20114267
20114271
20114275
20114283
20114287
20114291
20114295
20114299
20114303
20114307
20114311
20114315
20114319
20114323
20114327
20114335
20114339
20114343
20114347
20114351
20114355
20114359
20114363
20114367
20114371
20114375
20114379
20114383
20114387
20114391
20114395
20114399
20114403
20114407
20114411
20114415
20114419
20114423
20114427
20114431
20114435
20114439
20114443
20114447
20114451
20114455
20114459
20114463
20114467
20114471
20114475
20114479
20114483
20114487
20114491
20114495
20114499
20114503
20114507
20114511
20114515
20114519
20114523
20114527
20114531
20114535
20114539
20114543
20114547
20114551
20114555
20114559
20114563
20114567
20114571
20114575
20114579
20114583
20114587
20114591
20114595
20114599
20114603
20114607
20114611
20114615
20114619
20114623
20114627
20114631
20114635
20114639
20114643
20114647
20114651
20114655
20114659
20114663
20114667
20114671
20114675
20114679
20114683
20114687
20114691
20114695
20114699
20114703
20114707
20114711
20114715
20114719
20114723
20114727
20114731
20114735
20114739
20114743
20114747
20114751
20114755
20114759
20114763
20114767
20114771
20114775
20114779
20114783
20114787
20114791
20114795
20114799
20114803
20114807
20114811
20114815
20114819
20114823
20114827
20114831
20114835
20114839
20114843
20114847
20114851
20114855
20114859
20114863
20114867
20114871
20114875
20114879
20114883
20114887
20114891
20114895
20114899
20114903
20114907
20114911
20114915
20114919
20114923
20114927
20114931
20114935
20114939
20114943
20114947
20114951
20114955
20114959
20114963
20114967
20114971
20114975
20114979
20114983
20114987
20114991
20114995
20114999
20115003
20115007
20115011
20115015
20115019
20115023
20115027
20115031
20115035
20115039
20115043
20115047
20115051
20115055
20115059
20115063
20115067
20115071
20115075
20115079
20115083
20115087
20115091
20115095
20115099
20115103
20115107
20115111
20115115
20115119
20115123
20115127
20115131
20115135
20115139
20115143
20115147
20115151
20115155
20115159
20115163
20115167
20115171
20115175
20115179
20115183
20115187
20115191
20115195
20115199
20115211
20115215
20115219
20115223
20115227
20115231
20115235
20115239
20115243
20115247
20115251
20115255
20115259
20115263
20115267
20115271
20115275
20115279
20115283
20115287
20115291
20115295
20115299
20115303
20115307
20115311
20115315
20115319
20115323
20115327
20115331
20115335
20115339
20115343
20115347
20115351
20115355
20115359
20115363
20115367
20115371
20115375
20115379
20115383
20115387
20115391
20115395
