20003070
20003074
20003078
20003082
20003086
20003094
20003098
20003102
20003106
20003110
20003114
20003118
20003122
20003126
20003130
20003134
20003138
20003142
20003146
20003150
20003154
20003158
20003162
20003166
20003170
20003174
20003178
20003182
20003186
20003190
20003194
20003198
20003202
20003206
20003210
20003214
20003218
20003222
20003226
20003234
20003238
20003242
20003246
20003250
20003254
20003258
20003262
20003266
20003270
20003274
20003278
20003282
20003286
20003290
20003294
20003298
20003302
20003306
20003310
20003314
20003318
20003322
20003326
20003330
20003334
20003338
20003342
20003346
20003350
20003354
20003358
20003362
20003366
20003370
20003374
20003378
20003382
20003386
20003390
20003394
20003398
20003406
20003410
20003414
20003418
20003426
20003430
20003434
20003438
20003442
20003450
20003454
20003458
20003462
20003466
20003470
20003474
20003478
20003482
20003486
20003490
20003494
20003498
20003502
20003506
20003510
20003514
20003518
20003522
20003526
20003530
20003534
20003542
20003546
20003550
20003554
20003558
20003562
20003566
20003570
20003574
20003578
20003582
20003586
20003590
20003594
20003598
20003602
20003606
20003610
20003614
20003618
20003622
20003626
20003630
20003634
20003638
20003642
20003646
20003650
20003654
20003658
20003662
20003666
20003670
20003674
20003678
20003682
20003686
20003690
20003694
20003698
20003702
20003706
20003710
20003714
20003718
20003722
20003726
20003730
20003734
20003738
20003742
20003746
20003750
20003754
20003758
20003762
20003766
20003770
20003774
20003778
20003782
20003786
20003790
20003794
20003798
20003802
20003806
20003810
20003814
20003818
20003822
20003826
20003830
20003834
20003838
20003842
20003846
20003850
20003854
20003858
20003862
20003866
20003870
20003874
20003878
20003882
20003886
20003890
20003894
20003898
20003902
20003906
20003910
20003914
20003918
20003922
20003926
20003930
20003934
20003938
20003942
20003946
20003950
20003954
20003958
20003962
20003966
20003970
20003974
20003978
20003986
20003990
20003994
20003998
20004002
20004006
20004010
20004014
20004018
20004022
20004026
20004030
20004034
20004038
20004042
20004046
20004050
20004054
20004058
20004062
20004066
20004070
20004074
20004078
20004082
20004086
20004090
20004094
20004098
20004102
20004106
20031214
20031218
20031222
20031226
20031230
20031234
20031238
20031246
20031250
20031254
20031258
20031262
20031266
20031270
20031278
20031282
20031286
20031290
20031294
20031298
20031302
20031306
20031310
20031314
20031318
20031322
20031326
20031330
20031334
20031338
20031342
20031346
20031350
20031354
20031358
20031370
20031374
20031378
20031382
20031386
20031390
20031394
20031398
20031406
20031410
20031414
20031418
20031422
20031426
20031430
20031434
20031438
20031442
20031446
20031450
20031458
20031470
20047878
20047882
20047886
20047890
20047894
20047898
20047902
20047906
20047910
20047914
20047918
20047926
20047930
20047934
20047938
20047942
20047946
20047950
20047954
20047958
20047962
20047966
20047970
20047974
20047978
20047982
20047986
20047990
20047994
20047998
20048002
20048006
20048010
20048014
20048018
20048022
20048026
20048034
20048038
20048042
20048046
20048050
20048054
20048058
20048062
20048066
20048070
20048074
20048078
20048082
20048086
20048090
20048094
20048098
20048102
20048106
20048110
20048114
20048118
20048122
20048126
20048130
20048142
20048146
20048150
20048154
20048158
20048162
20048166
20048170
20048174
20048178
20048194
20048198
20048202
20048206
20048210
20048214
20048218
20048222
20048226
20048230
20048234
20048238
20048242
20048246
20048250
20048254
20048258
20048262
20048266
20048270
20048274
20048278
20048282
20048286
20048298
20048302
20048306
20048310
20048314
20048318
20048322
20048326
20048330
20048334
20048338
20048342
20048346
20048350
20048354
20048358
20048362
20048366
20048370
20048374
20048378
20048382
20048386
20048390
20048394
20048398
20048402
20048406
20048410
20048414
20048418
20048422
20048426
20048430
20048434
20048438
20048442
20048446
20048450
20048454
20048458
20048462
20048466
20048470
20048474
20048478
20048482
20048486
20048490
20048494
20048498
20048502
20048506
20048510
20048514
20048518
20048522
20048526
20048530
20048534
20048538
20048542
20048546
20048550
20048554
20048558
20048562
20048566
20048570
20048574
20048578
20048582
20048586
20048590
20048594
20048598
20048606
20048610
20048614
20048618
20048622
20048626
20048630
20048634
20048638
20048642
20048646
20076814
20076818
20076822
20076826
20076830
20076834
20076838
20076842
20076846
20076850
20076854
20076858
20076862
20076866
20076870
20076874
20076878
20076882
20076886
20076890
20076894
20076898
20076902
20076906
20076910
20076914
20076918
20076922
20076926
20076930
20076934
20076938
20076942
20076946
20076950
20076954
20076958
20076962
20076966
20076970
20076974
20076978
20076982
20076986
20076990
20076994
20081934
20081938
20081942
20081946
20081950
20081954
20081958
20081962
20081966
20081970
20081974
20081978
20081982
20081986
20081990
20081994
20081998
20082002
20082006
20082010
20082014
20082018
20082022
20082026
20082030
20082034
20082038
20082042
20082046
20082050
20082054
20082058
20082062
20082066
20082070
20082074
20082078
20082082
20082086
20082090
20082094
20082098
20082102
20082106
20082110
20082114
20082118
20082122
20082126
20082130
20082134
20082138
20082142
20082146
20082150
20082154
20082158
20082166
20082170
20082174
20082178
20082182
20082186
20082190
20082194
20082198
20082202
20082206
20082210
20082214
20082218
20082222
20082226
20082234
20082238
20082242
20082246
20082250
20082254
20082258
20082262
20082266
20082274
20082278
20082282
20082286
20082290
20082294
20082298
20082302
20082306
20082310
20082314
20082318
20082322
20082330
20082334
20082338
20082342
20082346
20082350
20082354
20082358
20082362
20082366
20082370
20082374
20082378
20082382
20082386
20082390
20082394
20082398
20082402
20082406
20082410
20082414
20082418
20082422
20082426
20082430
20082434
20082438
20082442
20082446
20082450
20082454
20082458
20082462
20082466
20082470
20082474
20082478
20082482
20082486
20082490
20082494
20082498
20082502
20082506
20082510
20082514
20082518
20082522
20082526
20082530
20082534
20082538
20082542
20082546
20082550
20082554
20082558
20082562
20082566
20082570
20082574
20082578
20082582
20082586
20082590
20082594
20082602
20082606
20082610
20082614
20082618
20082622
20082626
20082630
20082634
20082638
20082642
20082646
20082650
20082654
20082658
20082662
20082666
20082670
20082674
20082678
20082682
20082686
20082690
20082694
20082698
20082702
20082706
20082710
20082714
20082718
20082722
20082726
20082730
20082734
20082738
20082742
20082746
20082750
20082754
20082758
20082762
20082766
20082770
20082774
20082778
20082782
20082786
20082790
20082794
20082798
20082802
20082806
20082810
20082814
20082818
20082822
20082826
20082830
20082834
20082838
20082842
20082846
20082850
20082854
20082858
20082862
20082866
20082870
20082874
20082878
20082882
20082886
20082890
20082894
20082898
20082902
20082906
20082910
20082914
20082918
20082922
20082926
20082930
20082934
20082938
20082942
20082946
20082950
20082954
20082958
20082962
20082966
20082970
20082974
20082978
20082982
20082986
20082990
20082994
20082998
20083002
20083006
20083010
20083014
20083018
20083022
20083026
20083030
20083034
20083038
20083042
20083046
20083050
20083054
20083058
20083062
20083066
20083070
20083074
20083078
20083082
20083086
20083090
20083094
20083098
20083102
20083106
20083110
20083114
20083118
20083122
20083126
20083130
20083134
20083138
20083142
20083146
20083150
20083154
20083158
20083162
20083166
20083170
20083178
20083182
20083186
20083190
20083194
20083198
20083202
20083206
20083214
20083218
20083222
20083226
20083230
20083234
20083238
20083242
20083246
20083250
20083254
20083258
20083262
20083266
20083270
20083274
20083278
20083282
20083286
20083290
20083294
20083298
20083302
20083306
20083310
20083314
20083318
20083322
20083326
20083330
20083334
20083338
20083342
20083346
20083350
20083354
20083358
20083362
20083366
20083370
20083374
20083378
20083382
20083386
20083390
20083394
20083398
20083406
20083410
20083414
20083418
20083422
20083426
20083430
20083434
20083438
20083442
20083446
20083450
20083454
20083458
20083462
20083466
20083470
20083474
20083478
20083482
20083486
20083490
20083494
20083498
20083502
20083506
20083510
20083514
20083518
20083522
20083526
20083530
20083534
20083538
20083542
20083546
20083550
20083554
20083558
20083562
20083566
20083570
20083574
20083578
20108214
20108218
20108222
20108226
20108230
20108234
20108238
20108242
20108246
20108250
20108254
20108258
20108262
20108266
20108270
20108274
20108278
20108282
20108286
20108290
20108294
20108298
20108302
20108306
20108310
20108314
20108318
20108322
20108326
20108330
20108334
20108338
20108342
20108346
20108350
20108354
20108358
20108362
20108366
20108370
20108374
20108382
20108386
20108390
20108394
20108398
20108402
20108406
20108410
20108414
20108418
20108422
20108426
20108430
20108434
20108438
20108442
20108446
20108450
20108454
20108458
20108462
20108466
20108470
20108474
20108478
20108482
20108486
20108490
20108494
20108498
20108506
20108510
20108514
20108518
20108522
20108526
20108530
20108534
20108538
20108542
20108546
20108550
20108554
20108562
20108566
20108574
20108578
20108582
20108586
20108590
20108594
20108598
20108602
20108606
20108610
20108614
20108618
20108622
20108626
20108630
20108634
20108638
20108642
20108646
20108650
20108654
20108658
20108662
20108670
20108674
20108678
20108682
20108686
20108690
20108694
20108698
20108702
20108706
20108710
20108714
20108718
20108722
20108726
20108730
20108734
20108738
20108742
20108746
20108750
20108754
20108758
20108762
20108766
20108770
20108774
20108778
20108782
20108786
20108790
20108794
20108798
20108802
20108806
20108814
20108818
20108822
20108826
20108834
20108838
20108842
20108846
20108850
20108854
20108858
20108862
20108866
20108870
20108874
20108878
20108882
20108886
20108890
20108894
20108898
20108902
20108906
20108910
20108918
20108922
20108926
20108930
20108934
20108942
20108946
20108950
20108954
20108958
20108962
20108966
20108970
20108974
20108982
20108986
20108990
20108994
20108998
20109002
20109006
20109010
20109014
20109018
20109022
20109026
20109030
20109034
20109038
20109042
20109046
20109050
20109054
20109058
20109062
20109066
20109070
20109074
20109078
20109082
20109086
20109090
20109094
20109098
20109102
20109106
20109110
20109114
20109118
20109122
20109126
20109130
20109134
20109138
20109142
20110222
20110226
20110230
20110234
20110238
20110242
20110246
20110250
20110254
20110258
20110262
20110270
20110274
20110278
20110282
20110286
20110290
20110294
20110298
20110302
20110306
20110310
20110314
20110318
20110322
20110326
20110330
20110334
20110338
20110342
20110346
20110350
20110354
20110358
20110362
20110366
20110370
20110374
20110378
20110382
20110386
20110390
20110394
20110398
20110402
20110406
20110410
20110414
20110418
20110422
20110426
20110430
20110434
20110438
20110442
20110446
20110450
20110454
20110458
20110462
20110466
20110470
20110474
20110478
20110482
20110486
20110490
20110494
20110498
20110502
20110506
20110510
20110514
20110518
20110522
20110526
20110530
20110534
20110538
20110542
20110546
20110550
20110554
20110558
20110570
20110582
20110586
20110590
20110594
20110598
20110602
20110606
20110610
20110614
20110618
20110622
20110626
20110630
20110634
20110638
20110642
20110646
20110650
20110654
20110658
20110662
20110666
20110670
20110674
20110678
20110682
20110686
20110690
20110694
20110698
20110702
20110706
20110710
20110714
20110718
20110722
20110730
20110734
20110738
20110742
20110746
20110750
20110754
20110758
20110762
20110766
20110770
20110774
20110778
20110782
20110786
20110790
20110794
20110798
20110802
20110806
20110810
20110814
20110818
20110822
20110826
20110830
20110834
20110838
20110842
20110846
20110850
20110854
20110858
20110862
20110866
20110870
20110878
20110882
20110886
20110890
20110894
20110898
20110902
20110906
20110910
20110914
20110918
20110922
20110926
20110930
20110934
20110938
20110942
20110946
20110950
20110954
20110958
20110962
20110966
20110970
20110974
20110978
20110986
20110990
20110994
20110998
20111006
20111010
20111014
20111018
20111022
20111026
20111030
20111034
20111038
20111042
20111046
20111050
20111054
20111058
20111062
20111066
20111070
20111074
20111078
20111082
20111086
20111090
20111094
20111098
20111102
20111106
20111110
20111114
20111118
20111122
20111126
20111130
20111134
20111138
20111142
20111146
20111150
20111154
20111158
20111162
20111166
20111170
20111174
20111178
20111182
20111186
20111190
20111194
20111198
20111202
20111206
20111210
20111214
20111218
20111222
20111226
20111230
20111234
20111238
20111242
20111246
20111250
20111254
20111258
20111262
20111266
20111270
20111274
20111278
20111282
20111286
20111290
20111294
20111298
20111302
20111306
20111310
20111314
20111318
20111322
20111326
20111330
20111334
20111338
20111342
20111346
20111350
20111354
20111358
20111362
20111366
20111370
20111374
20111378
20111382
20111386
20111390
20111394
20111398
20111402
20111406
20111410
20111414
20111418
20111422
20111426
20111430
20111434
20111442
20111450
20111454
20111458
20111462
20111466
20111470
20111474
20111478
20111482
20111486
20111490
20111494
20111498
20111502
20111506
20111510
20111514
20111518
20111522
20111526
20111530
20111534
20111538
20111542
20111546
20111550
20111554
20111558
20111562
20111566
20111570
20111574
20111578
20111582
20111586
20111590
20111594
20111598
20111602
20111606
20111610
20111614
20111618
20111622
20111626
20111630
20111634
20111638
20111642
20111646
20111650
20111654
20111658
20111662
20111666
20111670
20111674
20111678
20111682
20111686
20111690
20111694
20111698
20111702
20111706
20111710
20111714
20111718
20111722
20111726
20111730
20111734
20111738
20111742
20111746
20111750
20111754
20111758
20111762
20111766
20111770
20111774
20111778
20111782
20111786
20111790
20111794
20111798
20111802
20111806
20111810
20111818
20111822
20111826
20111830
20111834
20111838
20111842
20111846
20111850
20111854
20111858
20111862
20111866
20111874
20111878
20111886
20111890
20111894
20111898
20111902
20111906
20111910
20111914
20111918
20111922
20111926
20111930
20111934
20111938
20111942
20111946
20111950
20111954
20111958
20111962
20111966
20111970
20111974
20111978
20111982
20111986
20111990
20111994
20111998
20112002
20112006
20112010
20112014
20112018
20112022
20112026
20112030
20112034
20112038
20112042
20112046
20112050
20112054
20112058
20112062
20112066
20112070
20112074
20112078
20112082
20112086
20112098
20112102
20112106
20112110
20112114
20112118
20112122
20112126
20112130
20112134
20112138
20112142
20112150
20112154
20112158
20112162
20112166
20112170
20112186
20112190
20112194
20112198
20112202
20112206
20112210
20112214
20112226
20112230
20112234
20112238
20112242
20112246
20112250
20112254
20112258
20112262
20112266
20112270
20112274
20112278
20112282
20112286
20112290
20112294
20112298
20112302
20112306
20112310
20112314
20112318
20112322
20112326
20112330
20112334
20112338
20112342
20112346
20112350
20112354
20112358
20112362
20112366
20112370
20112374
20112378
20112382
20112386
20112390
20112394
20112398
20112402
20112406
20112410
20112414
20112418
20112422
20112426
20112430
20112434
20112438
20112442
20112446
20112450
20112454
20112458
20112462
20112466
20112470
20112474
20112478
20112482
20112486
20112490
20112494
20112502
20112506
20112510
20112514
20112518
20112522
20112526
20112530
20112534
20112538
20112542
20112546
20112550
20112554
20112558
20112562
20112566
20112570
20112574
20112578
20112582
20112586
20112590
20112594
20112598
20112602
20112606
20112610
20112614
20112618
20112622
20112626
20112630
20112634
20112638
20112642
20112646
20112650
20112654
20112658
20112666
20112670
20112674
20112678
20112682
20112686
20112690
20112694
20112698
20112702
20112706
20112710
20112714
20112718
20112722
20112726
20112730
20112734
20112738
20112742
20112746
20112750
20112754
20112758
20112762
20112766
20112770
20112774
20112778
20112782
20112786
20112790
20112794
20112798
20112802
20112806
20112810
20112814
20112818
20112822
20112826
20112830
20112834
20112838
20112842
20112846
20112850
20112854
20112858
20112862
20112866
20112870
20112874
20112878
20112882
20112886
20112890
20112894
20112898
20112902
20112906
20112910
20112914
20112918
20112922
20112926
20112930
20112934
20112938
20112942
20112946
20112950
20112954
20112958
20112962
20112970
20112974
20112978
20112982
20112986
20112990
20112994
20112998
20113002
20113010
20113014
20113018
20113022
20113026
20113030
20113034
20113038
20113042
20113046
20113054
20113058
20113062
20113066
20113070
20113074
20113078
20113082
20113086
20113090
20113094
20113098
20113102
20113106
20113110
20113114
20113118
20113122
20113126
20113130
20113134
20113138
20113142
20113146
20113150
20113154
20113162
20113166
20113170
20113174
20113178
20113182
20113186
20113190
20113194
20113198
20113202
20113206
20113210
20113214
20113218
20113222
20113226
20113230
20113234
20113238
20113242
20113246
20113250
20113254
20113258
20113262
20113266
20113270
20113274
20113278
20113282
20113286
20113290
20113298
20113302
20113306
20113314
20113318
20113322
20113326
20113330
20113334
20113338
20113342
20113346
20113350
20113354
20113358
20113362
20113366
20113370
20113374
20113378
20113382
20113386
20113390
20113394
20113398
20113402
20113406
20113410
20113414
20113418
20113422
20113426
20113430
20113434
20113438
20113442
20113446
20113454
20113458
20113462
20113466
20113470
20113474
20113478
20113482
20113486
20113490
20113494
20113498
20113502
20113506
20113510
20113514
20113518
20113522
20113526
20113530
20113534
20113538
20113542
20113546
20113550
20113554
20113558
20113562
20113566
20113570
20113574
20113578
20113582
20113586
20113590
20113594
20113598
20113602
20113606
20113610
20113614
20113618
20113622
20113626
20113630
20113634
20113638
20113642
20113646
20113650
20113654
20113658
20113662
20113666
20113670
20113674
20113678
20113682
20113686
20113690
20113694
20113698
20113702
20113710
20113714
20113718
20113722
20113726
20113730
20113734
20113738
20113742
20113746
20113750
20113754
20113758
20113762
20113766
20113770
20113774
20113778
20113782
20113786
20113790
20113794
20113798
20113802
20113806
20113810
20113814
20113818
20113822
20113826
20113830
20113834
20113838
20113842
20113846
20113850
20113854
20113858
20113862
20113866
20113870
20113874
20113878
20113882
20113886
20113890
20113894
20113898
20113902
20113906
20113910
20113914
20113918
20113922
20113926
20113930
20113934
20113938
20113942
20113946
20113950
20113954
20113958
20113962
20113966
20113970
20113974
20113978
20113982
20113986
20113990
20113994
20113998
20114002
20114006
20114010
20114014
20114018
20114022
20114026
20114030
20114034
20114042
20114046
20114050
20114054
20114058
20114062
20114066
20114070
20114074
20114078
20114082
20114086
20114090
20114094
20114098
20114102
20114106
20114110
20114114
20114118
20114122
20114126
20114130
20114134
20114138
20114142
20114146
20114150
20114154
20114158
20114162
20114166
20114170
20114174
20114178
20114182
20114186
20114190
20114194
20114198
20114202
20114206
20114210
20114214
20114218
20114222
20114226
20114230
20114246
20114250
20114254
20114258
20114262
20114266
20114270
20114274
20114282
20114286
20114290
20114294
20114298
20114302
20114306
20114310
20114314
20114318
20114322
20114326
20114330
20114334
20114338
20114342
20114346
20114350
20114354
20114358
20114362
20114366
20114370
20114374
20114378
20114382
20114386
20114390
20114394
20114398
20114402
20114410
20114414
20114418
20114422
20114426
20114430
20114434
20114438
20114442
20114446
20114450
20114454
20114458
20114462
20114466
20114470
20114474
20114478
20114482
20114486
20114490
20114494
20114498
20114506
20114510
20114514
20114518
20114522
20114526
20114530
20114534
20114538
20114542
20114546
20114550
20114554
20114558
20114562
20114566
20114570
20114574
20114578
20114582
20114586
20114590
20114594
20114598
20114602
20114606
20114610
20114614
20114618
20114622
20114626
20114630
20114634
20114638
20114642
20114646
20114654
20114658
20114662
20114666
20114670
20114674
20114678
20114682
20114686
20114690
20114694
20114698
20114702
20114706
20114710
20114714
20114718
20114722
20114726
20114730
20114734
20114738
20114742
20114746
20114750
20114754
20114758
20114762
20114766
20114770
20114774
20114778
20114782
20114786
20114790
20114794
20114798
20114802
20114806
20114810
20114814
20114818
20114822
20114826
20114830
20114834
20114838
20114842
20114846
20114850
20114854
20114858
20114862
20114866
20114870
20114874
20114882
20114886
20114890
20114894
20114898
20114902
20114910
20114914
20114918
20114922
20114926
20114930
20114934
20114938
20114942
20114946
20114950
20114954
20114958
20114962
20114966
20114970
20114974
20114978
20114982
20114986
20114990
20114994
20114998
20115002
20115006
20115010
20115014
20115018
20115022
20115026
20115030
20115034
20115038
20115042
20115046
20115050
20115054
20115058
20115062
20115066
20115070
20115074
20115078
20115082
20115086
20115090
20115094
20115098
20115102
20115106
20115110
20115114
20115118
20115122
20115126
20115130
20115134
20115138
20115142
20115146
20115150
20115154
20115158
20115162
20115166
20115170
20115174
20115178
20115182
20115186
20115190
20115194
20115198
20115202
20115206
20115210
20115214
20115218
20115222
20115226
20115230
20115234
20115238
20115242
20115246
20115250
20115254
20115258
20115262
20115266
20115270
20115278
20115282
20115286
20115290
20115294
20115298
20115302
20115306
20115310
20115314
20115318
20115322
20115326
20115330
20115334
20115338
20115342
20115346
20115350
20115354
20115358
20115362
20115366
20115370
20115374
20115378
20115382
20115386
20115390
20115394
20115398
