20003073
20003077
20003081
20003085
20003089
20003093
20003097
20003101
20003109
20003113
20003117
20003121
20003125
20003137
20003141
20003145
20003149
20003153
20003157
20003165
20003169
20003173
20003177
20003181
20003185
20003189
20003193
20003197
20003201
20003205
20003209
20003213
20003217
20003221
20003225
20003229
20003233
20003237
20003241
20003245
20003249
20003253
20003257
20003261
20003265
20003269
20003273
20003277
20003281
20003285
20003289
20003293
20003297
20003301
20003305
20003309
20003313
20003317
20003321
20003325
20003329
20003333
20003337
20003341
20003345
20003349
20003353
20003357
20003361
20003365
20003369
20003373
20003377
20003381
20003385
20003389
20003393
20003397
20003401
20003405
20003409
20003413
20003417
20003421
20003425
20003429
20003433
20003437
20003441
20003445
20003449
20003453
20003457
20003461
20003465
20003469
20003473
20003477
20003481
20003485
20003489
20003493
20003497
20003501
20003505
20003509
20003513
20003517
20003521
20003525
20003529
20003533
20003537
20003541
20003545
20003549
20003553
20003557
20003561
20003569
20003573
20003577
20003581
20003585
20003589
20003593
20003597
20003601
20003605
20003609
20003613
20003617
20003621
20003625
20003629
20003633
20003637
20003641
20003645
20003649
20003653
20003657
20003661
20003665
20003669
20003673
20003677
20003681
20003685
20003689
20003693
20003697
20003701
20003705
20003709
20003713
20003717
20003721
20003725
20003729
20003733
20003737
20003741
20003745
20003749
20003753
20003757
20003761
20003765
20003769
20003773
20003777
20003781
20003789
20003793
20003797
20003801
20003805
20003809
20003813
20003817
20003821
20003825
20003829
20003833
20003837
20003841
20003845
20003849
20003853
20003857
20003861
20003865
20003869
20003873
20003877
20003881
20003885
20003889
20003901
20003905
20003909
20003913
20003917
20003921
20003925
20003929
20003933
20003937
20003941
20003945
20003949
20003953
20003957
20003961
20003965
20003969
20003973
20003977
20003981
20003985
20003989
20003993
20003997
20004001
20004005
20004009
20004013
20004017
20004021
20004025
20004029
20004033
20004037
20004041
20004045
20004049
20004053
20004057
20004061
20004065
20004069
20004073
20004077
20004081
20004085
20004089
20004093
20004097
20004101
20004105
20031217
20031221
20031225
20031229
20031233
20031237
20031241
20031245
20031249
20031253
20031257
20031261
20031265
20031269
20031273
20031277
20031281
20031285
20031289
20031293
20031297
20031305
20031309
20031313
20031317
20031321
20031325
20031329
20031333
20031337
20031341
20031345
20031349
20031353
20031357
20031361
20031373
20031377
20031381
20031385
20031389
20031393
20031397
20031401
20031405
20031409
20031413
20031417
20031421
20031425
20031429
20031433
20031437
20031441
20031445
20031449
20031453
20031457
20031461
20031465
20031469
20031473
20047877
20047881
20047885
20047889
20047893
20047897
20047901
20047905
20047909
20047913
20047917
20047921
20047925
20047929
20047933
20047937
20047941
20047945
20047949
20047957
20047961
20047965
20047969
20047973
20047977
20047981
20047985
20047989
20047993
20047997
20048001
20048005
20048009
20048013
20048017
20048021
20048025
20048033
20048037
20048041
20048045
20048049
20048053
20048057
20048061
20048065
20048069
20048073
20048077
20048081
20048085
20048089
20048093
20048097
20048101
20048105
20048109
20048113
20048117
20048121
20048125
20048129
20048133
20048141
20048145
20048149
20048153
20048157
20048161
20048165
20048169
20048173
20048177
20048181
20048189
20048193
20048197
20048205
20048209
20048213
20048217
20048221
20048225
20048229
20048233
20048237
20048241
20048245
20048249
20048253
20048257
20048261
20048265
20048269
20048273
20048277
20048281
20048285
20048289
20048293
20048297
20048301
20048305
20048309
20048313
20048321
20048325
20048329
20048333
20048337
20048341
20048345
20048349
20048353
20048357
20048361
20048365
20048369
20048373
20048377
20048381
20048385
20048397
20048401
20048405
20048409
20048413
20048417
20048421
20048425
20048429
20048433
20048437
20048441
20048445
20048449
20048453
20048457
20048461
20048465
20048469
20048473
20048481
20048485
20048489
20048493
20048497
20048501
20048505
20048509
20048513
20048517
20048521
20048525
20048529
20048533
20048537
20048541
20048545
20048549
20048553
20048557
20048565
20048569
20048573
20048581
20048585
20048589
20048593
20048597
20048601
20048605
20048609
20048613
20048617
20048621
20048625
20048629
20048633
20048637
20048641
20076813
20076817
20076825
20076829
20076833
20076837
20076841
20076845
20076849
20076853
20076857
20076861
20076865
20076869
20076873
20076877
20076881
20076885
20076889
20076893
20076897
20076901
20076905
20076909
20076913
20076917
20076921
20076925
20076929
20076933
20076937
20076941
20076945
20076949
20076953
20076957
20076961
20076965
20076969
20076973
20076977
20076981
20076985
20076989
20076993
20081933
20081937
20081941
20081945
20081949
20081953
20081957
20081961
20081965
20081969
20081973
20081977
20081981
20081985
20081989
20081993
20081997
20082001
20082005
20082009
20082013
20082017
20082021
20082025
20082029
20082033
20082037
20082041
20082045
20082049
20082053
20082057
20082061
20082065
20082069
20082073
20082081
20082085
20082089
20082093
20082097
20082101
20082105
20082109
20082113
20082117
20082121
20082125
20082129
20082133
20082137
20082141
20082145
20082149
20082153
20082157
20082161
20082165
20082169
20082173
20082177
20082181
20082185
20082189
20082193
20082197
20082201
20082205
20082209
20082213
20082217
20082221
20082225
20082229
20082233
20082237
20082241
20082245
20082249
20082253
20082257
20082261
20082265
20082269
20082273
20082277
20082281
20082285
20082289
20082293
20082297
20082301
20082305
20082309
20082313
20082317
20082321
20082325
20082329
20082333
20082337
20082341
20082345
20082349
20082353
20082357
20082361
20082365
20082369
20082373
20082377
20082381
20082385
20082389
20082393
20082397
20082401
20082405
20082409
20082413
20082417
20082421
20082429
20082433
20082437
20082441
20082445
20082449
20082453
20082457
20082461
20082465
20082469
20082473
20082477
20082481
20082485
20082489
20082493
20082497
20082501
20082505
20082509
20082513
20082517
20082521
20082525
20082529
20082533
20082537
20082541
20082545
20082549
20082553
20082557
20082561
20082565
20082569
20082573
20082577
20082581
20082585
20082589
20082593
20082597
20082601
20082605
20082609
20082613
20082617
20082621
20082625
20082629
20082633
20082637
20082641
20082645
20082649
20082653
20082657
20082661
20082665
20082669
20082673
20082677
20082681
20082685
20082689
20082693
20082697
20082701
20082705
20082709
20082713
20082717
20082721
20082725
20082729
20082733
20082737
20082741
20082745
20082749
20082753
20082757
20082761
20082765
20082769
20082773
20082777
20082781
20082785
20082789
20082793
20082797
20082801
20082805
20082809
20082813
20082817
20082821
20082825
20082829
20082833
20082837
20082841
20082845
20082849
20082853
20082857
20082861
20082865
20082869
20082873
20082877
20082881
20082885
20082889
20082893
20082897
20082901
20082905
20082909
20082913
20082917
20082921
20082925
20082929
20082933
20082941
20082945
20082949
20082953
20082957
20082961
20082965
20082969
20082973
20082977
20082981
20082985
20082989
20082993
20082997
20083001
20083005
20083009
20083013
20083017
20083021
20083025
20083029
20083033
20083037
20083041
20083045
20083049
20083053
20083057
20083061
20083065
20083069
20083073
20083077
20083081
20083085
20083089
20083093
20083097
20083101
20083105
20083109
20083113
20083117
20083121
20083125
20083129
20083133
20083137
20083141
20083145
20083149
20083153
20083157
20083161
20083165
20083169
20083173
20083177
20083181
20083185
20083189
20083193
20083197
20083201
20083205
20083209
20083213
20083217
20083221
20083225
20083229
20083233
20083237
20083245
20083249
20083253
20083257
20083261
20083265
20083269
20083273
20083277
20083281
20083285
20083289
20083293
20083297
20083301
20083305
20083309
20083313
20083317
20083321
20083325
20083329
20083333
20083337
20083341
20083345
20083349
20083353
20083357
20083361
20083365
20083369
20083373
20083377
20083381
20083385
20083389
20083393
20083397
20083401
20083405
20083409
20083413
20083417
20083421
20083425
20083429
20083433
20083437
20083441
20083445
20083449
20083453
20083457
20083461
20083465
20083469
20083473
20083477
20083481
20083485
20083489
20083493
20083497
20083501
20083505
20083509
20083513
20083517
20083521
20083525
20083529
20083533
20083537
20083541
20083545
20083549
20083553
20083557
20083561
20083565
20083569
20083573
20083577
20108213
20108217
20108221
20108225
20108229
20108233
20108237
20108241
20108245
20108249
20108253
20108257
20108261
20108265
20108269
20108273
20108277
20108281
20108285
20108289
20108293
20108297
20108301
20108305
20108309
20108313
20108317
20108321
20108325
20108329
20108333
20108341
20108345
20108349
20108353
20108357
20108361
20108365
20108369
20108373
20108377
20108381
20108385
20108389
20108393
20108397
20108401
20108405
20108409
20108413
20108417
20108421
20108425
20108429
20108433
20108437
20108441
20108449
20108453
20108457
20108461
20108465
20108469
20108473
20108477
20108481
20108485
20108489
20108493
20108497
20108505
20108509
20108513
20108517
20108521
20108525
20108529
20108533
20108537
20108541
20108545
20108549
20108553
20108557
20108561
20108565
20108569
20108573
20108577
20108581
20108585
20108593
20108597
20108601
20108605
20108609
20108613
20108617
20108621
20108625
20108629
20108633
20108637
20108645
20108649
20108657
20108661
20108665
20108669
20108673
20108677
20108681
20108685
20108689
20108693
20108697
20108701
20108705
20108709
20108713
20108717
20108721
20108725
20108729
20108733
20108737
20108741
20108745
20108749
20108753
20108757
20108761
20108765
20108769
20108773
20108777
20108781
20108785
20108789
20108793
20108797
20108801
20108805
20108809
20108813
20108817
20108821
20108825
20108833
20108837
20108841
20108845
20108849
20108853
20108857
20108861
20108865
20108869
20108873
20108881
20108885
20108889
20108893
20108897
20108901
20108905
20108909
20108913
20108917
20108921
20108925
20108929
20108933
20108937
20108941
20108945
20108953
20108957
20108961
20108965
20108969
20108973
20108977
20108985
20108989
20108993
20108997
20109001
20109005
20109009
20109013
20109017
20109021
20109025
20109029
20109033
20109037
20109041
20109045
20109049
20109053
20109057
20109061
20109065
20109069
20109073
20109077
20109081
20109085
20109089
20109093
20109097
20109101
20109105
20109109
20109113
20109117
20109121
20109125
20109129
20109133
20109137
20109141
20109145
20110225
20110229
20110233
20110237
20110241
20110245
20110249
20110253
20110257
20110265
20110269
20110273
20110277
20110281
20110285
20110289
20110293
20110297
20110301
20110309
20110313
20110317
20110321
20110325
20110329
20110333
20110337
20110341
20110345
20110349
20110353
20110357
20110361
20110365
20110369
20110373
20110377
20110381
20110385
20110389
20110393
20110397
20110401
20110405
20110409
20110413
20110417
20110421
20110425
20110429
20110433
20110437
20110441
20110445
20110449
20110453
20110457
20110461
20110465
20110469
20110473
20110477
20110481
20110485
20110489
20110493
20110497
20110501
20110505
20110509
20110513
20110517
20110521
20110525
20110529
20110533
20110537
20110541
20110545
20110549
20110553
20110557
20110561
20110569
20110573
20110577
20110581
20110585
20110589
20110593
20110597
20110601
20110605
20110609
20110613
20110617
20110621
20110625
20110629
20110633
20110637
20110641
20110645
20110649
20110653
20110657
20110661
20110665
20110669
20110673
20110677
20110681
20110685
20110689
20110693
20110697
20110701
20110705
20110709
20110713
20110717
20110721
20110725
20110729
20110733
20110737
20110741
20110745
20110749
20110753
20110757
20110761
20110765
20110769
20110773
20110777
20110781
20110785
20110789
20110793
20110797
20110801
20110805
20110809
20110813
20110817
20110821
20110825
20110829
20110833
20110837
20110841
20110845
20110849
20110853
20110857
20110861
20110865
20110869
20110873
20110877
20110881
20110885
20110889
20110893
20110897
20110901
20110905
20110909
20110913
20110917
20110921
20110925
20110929
20110933
20110937
20110941
20110945
20110949
20110953
20110957
20110961
20110965
20110969
20110973
20110977
20110981
20110985
20110989
20110993
20110997
20111005
20111009
20111013
20111017
20111021
20111025
20111029
20111033
20111037
20111041
20111045
20111049
20111057
20111061
20111065
20111069
20111073
20111077
20111081
20111085
20111089
20111093
20111097
20111101
20111105
20111109
20111113
20111117
20111121
20111125
20111129
20111133
20111137
20111141
20111145
20111149
20111153
20111157
20111161
20111165
20111169
20111173
20111177
20111181
20111185
20111189
20111193
20111197
20111201
20111205
20111209
20111213
20111217
20111221
20111225
20111229
20111233
20111237
20111241
20111245
20111249
20111253
20111257
20111261
20111265
20111269
20111273
20111277
20111281
20111285
20111289
20111293
20111297
20111301
20111305
20111309
20111313
20111317
20111321
20111325
20111329
20111333
20111337
20111341
20111345
20111349
20111353
20111357
20111361
20111365
20111369
20111373
20111377
20111381
20111385
20111389
20111393
20111397
20111401
20111405
20111409
20111413
20111417
20111421
20111425
20111429
20111433
20111437
20111441
20111445
20111449
20111453
20111457
20111461
20111465
20111473
20111477
20111481
20111485
20111489
20111493
20111497
20111501
20111505
20111509
20111513
20111517
20111521
20111525
20111529
20111533
20111537
20111541
20111545
20111549
20111553
20111557
20111561
20111565
20111569
20111573
20111577
20111581
20111585
20111589
20111593
20111597
20111601
20111605
20111609
20111613
20111617
20111621
20111625
20111629
20111633
20111637
20111641
20111645
20111649
20111653
20111657
20111661
20111665
20111669
20111673
20111677
20111681
20111685
20111689
20111693
20111697
20111701
20111705
20111709
20111713
20111717
20111721
20111725
20111729
20111733
20111737
20111741
20111745
20111749
20111753
20111757
20111761
20111765
20111769
20111773
20111777
20111781
20111785
20111789
20111793
20111797
20111801
20111805
20111809
20111813
20111817
20111821
20111825
20111829
20111833
20111837
20111841
20111845
20111849
20111853
20111857
20111861
20111865
20111869
20111873
20111877
20111881
20111885
20111889
20111893
20111897
20111901
20111905
20111909
20111913
20111917
20111921
20111925
20111929
20111933
20111937
20111941
20111945
20111949
20111953
20111957
20111961
20111965
20111969
20111973
20111977
20111981
20111985
20111989
20111993
20111997
20112001
20112005
20112009
20112013
20112017
20112021
20112025
20112029
20112033
20112037
20112041
20112045
20112049
20112053
20112057
20112061
20112065
20112069
20112073
20112077
20112081
20112085
20112089
20112097
20112101
20112105
20112109
20112117
20112121
20112125
20112129
20112133
20112137
20112141
20112149
20112153
20112157
20112161
20112165
20112169
20112185
20112189
20112193
20112197
20112201
20112205
20112209
20112213
20112225
20112229
20112233
20112237
20112241
20112245
20112249
20112253
20112257
20112261
20112265
20112269
20112273
20112277
20112281
20112285
20112289
20112297
20112301
20112305
20112309
20112313
20112317
20112321
20112325
20112329
20112333
20112337
20112341
20112345
20112349
20112353
20112357
20112361
20112365
20112369
20112373
20112377
20112381
20112385
20112389
20112393
20112397
20112401
20112405
20112409
20112413
20112417
20112421
20112425
20112429
20112433
20112437
20112441
20112445
20112449
20112453
20112457
20112461
20112465
20112469
20112473
20112477
20112481
20112485
20112489
20112493
20112497
20112501
20112505
20112509
20112513
20112517
20112521
20112525
20112529
20112533
20112537
20112541
20112545
20112549
20112553
20112557
20112561
20112565
20112569
20112573
20112577
20112581
20112585
20112589
20112593
20112597
20112601
20112605
20112609
20112613
20112617
20112621
20112625
20112629
20112633
20112637
20112641
20112645
20112649
20112653
20112657
20112661
20112665
20112669
20112673
20112677
20112681
20112685
20112689
20112693
20112701
20112705
20112709
20112713
20112717
20112721
20112725
20112733
20112737
20112741
20112745
20112749
20112753
20112757
20112761
20112765
20112769
20112773
20112777
20112781
20112785
20112789
20112793
20112797
20112801
20112805
20112809
20112813
20112817
20112821
20112825
20112829
20112833
20112837
20112841
20112845
20112849
20112853
20112857
20112861
20112865
20112869
20112873
20112881
20112885
20112889
20112893
20112897
20112901
20112905
20112909
20112913
20112917
20112921
20112925
20112929
20112933
20112937
20112941
20112945
20112949
20112953
20112957
20112961
20112965
20112969
20112973
20112977
20112981
20112985
20112989
20112993
20112997
20113001
20113005
20113009
20113017
20113021
20113025
20113029
20113033
20113037
20113041
20113045
20113049
20113053
20113057
20113061
20113065
20113069
20113073
20113077
20113081
20113085
20113089
20113093
20113097
20113101
20113105
20113109
20113113
20113117
20113121
20113125
20113129
20113133
20113137
20113141
20113145
20113149
20113153
20113157
20113161
20113165
20113169
20113173
20113177
20113181
20113185
20113189
20113193
20113197
20113201
20113205
20113209
20113213
20113217
20113221
20113225
20113229
20113233
20113237
20113241
20113245
20113249
20113253
20113257
20113261
20113265
20113269
20113273
20113277
20113281
20113285
20113289
20113301
20113305
20113309
20113313
20113317
20113321
20113325
20113329
20113333
20113337
20113341
20113345
20113349
20113353
20113357
20113361
20113365
20113369
20113373
20113377
20113381
20113385
20113389
20113393
20113397
20113401
20113405
20113409
20113413
20113417
20113421
20113425
20113429
20113433
20113437
20113441
20113445
20113453
20113457
20113461
20113465
20113469
20113473
20113477
20113481
20113485
20113489
20113493
20113497
20113501
20113505
20113509
20113513
20113517
20113521
20113525
20113529
20113533
20113537
20113541
20113545
20113549
20113553
20113557
20113561
20113565
20113569
20113573
20113577
20113581
20113585
20113589
20113593
20113597
20113601
20113605
20113609
20113613
20113617
20113621
20113625
20113629
20113633
20113637
20113641
20113645
20113649
20113653
20113657
20113661
20113665
20113669
20113673
20113677
20113681
20113685
20113689
20113693
20113697
20113701
20113705
20113709
20113713
20113717
20113721
20113725
20113729
20113733
20113737
20113741
20113745
20113749
20113753
20113757
20113761
20113765
20113769
20113777
20113781
20113785
20113789
20113793
20113797
20113801
20113805
20113809
20113813
20113817
20113821
20113825
20113829
20113833
20113837
20113841
20113845
20113849
20113853
20113857
20113861
20113865
20113869
20113873
20113877
20113881
20113885
20113889
20113893
20113897
20113901
20113905
20113909
20113913
20113917
20113921
20113925
20113929
20113933
20113937
20113941
20113945
20113949
20113953
20113957
20113961
20113965
20113969
20113973
20113977
20113981
20113985
20113989
20113993
20113997
20114001
20114005
20114009
20114013
20114017
20114021
20114025
20114029
20114033
20114037
20114041
20114045
20114049
20114053
20114057
20114061
20114065
20114069
20114073
20114077
20114081
20114085
20114089
20114093
20114097
20114101
20114105
20114109
20114113
20114117
20114121
20114125
20114129
20114133
20114137
20114141
20114145
20114149
20114153
20114157
20114161
20114165
20114169
20114173
20114177
20114181
20114185
20114189
20114193
20114197
20114201
20114205
20114209
20114213
20114217
20114221
20114225
20114229
20114249
20114253
20114257
20114261
20114265
20114269
20114273
20114277
20114281
20114285
20114289
20114293
20114297
20114301
20114305
20114313
20114317
20114321
20114325
20114329
20114333
20114337
20114341
20114345
20114349
20114353
20114357
20114361
20114365
20114369
20114373
20114377
20114381
20114385
20114389
20114393
20114397
20114401
20114405
20114409
20114413
20114417
20114421
20114425
20114429
20114433
20114437
20114441
20114445
20114449
20114453
20114457
20114461
20114465
20114469
20114473
20114477
20114481
20114485
20114489
20114493
20114497
20114501
20114505
20114509
20114513
20114517
20114521
20114525
20114529
20114533
20114537
20114541
20114545
20114549
20114553
20114557
20114561
20114565
20114573
20114577
20114581
20114585
20114589
20114593
20114597
20114601
20114605
20114609
20114613
20114617
20114621
20114625
20114633
20114637
20114641
20114645
20114649
20114653
20114657
20114661
20114665
20114669
20114673
20114677
20114681
20114685
20114689
20114693
20114697
20114701
20114705
20114709
20114713
20114717
20114721
20114725
20114729
20114733
20114737
20114741
20114745
20114749
20114753
20114757
20114761
20114765
20114769
20114773
20114777
20114781
20114785
20114789
20114793
20114797
20114801
20114805
20114809
20114813
20114817
20114821
20114825
20114829
20114833
20114837
20114841
20114845
20114849
20114853
20114857
20114861
20114865
20114869
20114873
20114877
20114881
20114885
20114889
20114893
20114897
20114901
20114905
20114913
20114917
20114921
20114925
20114929
20114933
20114937
20114941
20114945
20114949
20114953
20114957
20114961
20114965
20114969
20114973
20114977
20114981
20114985
20114989
20114993
20114997
20115001
20115005
20115009
20115013
20115017
20115021
20115025
20115029
20115033
20115037
20115041
20115045
20115049
20115053
20115057
20115061
20115065
20115069
20115073
20115077
20115081
20115085
20115089
20115093
20115097
20115101
20115105
20115109
20115113
20115117
20115121
20115125
20115129
20115133
20115137
20115141
20115145
20115149
20115153
20115157
20115161
20115165
20115169
20115173
20115177
20115181
20115185
20115189
20115193
20115197
20115201
20115205
20115209
20115213
20115217
20115221
20115225
20115229
20115233
20115237
20115241
20115245
20115249
20115253
20115257
20115261
20115265
20115269
20115273
20115277
20115281
20115285
20115289
20115293
20115297
20115301
20115305
20115309
20115313
20115317
20115321
20115325
20115329
20115333
20115337
20115341
20115345
20115349
20115353
20115357
20115361
20115365
20115369
20115373
20115377
20115381
20115385
20115389
20115393
20115397
