20003072
20003076
20003080
20003084
20003088
20003092
20003096
20003100
20003104
20003108
20003112
20003116
20003120
20003124
20003128
20003132
20003136
20003140
20003144
20003148
20003152
20003156
20003160
20003164
20003168
20003172
20003176
20003180
20003188
20003192
20003196
20003200
20003204
20003208
20003212
20003216
20003220
20003224
20003228
20003232
20003236
20003240
20003244
20003248
20003252
20003256
20003260
20003264
20003268
20003272
20003276
20003280
20003284
20003288
20003292
20003296
20003300
20003304
20003308
20003312
20003316
20003320
20003324
20003328
20003332
20003336
20003340
20003344
20003348
20003352
20003356
20003360
20003364
20003368
20003372
20003376
20003380
20003384
20003388
20003392
20003396
20003400
20003404
20003408
20003412
20003416
20003420
20003424
20003428
20003432
20003436
20003440
20003444
20003448
20003452
20003456
20003460
20003464
20003468
20003476
20003480
20003484
20003488
20003492
20003496
20003500
20003504
20003508
20003512
20003516
20003520
20003524
20003528
20003532
20003540
20003544
20003548
20003552
20003556
20003560
20003564
20003568
20003572
20003576
20003580
20003584
20003588
20003592
20003596
20003600
20003604
20003608
20003612
20003616
20003620
20003624
20003628
20003632
20003636
20003640
20003644
20003648
20003652
20003656
20003660
20003664
20003668
20003672
20003676
20003680
20003684
20003688
20003692
20003696
20003700
20003704
20003708
20003712
20003716
20003720
20003724
20003728
20003732
20003736
20003740
20003744
20003748
20003752
20003756
20003760
20003764
20003768
20003772
20003776
20003780
20003788
20003792
20003796
20003800
20003804
20003808
20003812
20003816
20003820
20003824
20003828
20003832
20003836
20003840
20003844
20003848
20003852
20003856
20003860
20003868
20003872
20003876
20003880
20003884
20003888
20003892
20003896
20003900
20003904
20003908
20003912
20003916
20003920
20003924
20003932
20003936
20003940
20003944
20003948
20003952
20003956
20003960
20003964
20003968
20003972
20003976
20003980
20003984
20003988
20003992
20003996
20004000
20004004
20004008
20004012
20004016
20004020
20004024
20004028
20004032
20004036
20004040
20004044
20004048
20004052
20004056
20004060
20004064
20004068
20004072
20004076
20004080
20004084
20004088
20004092
20004096
20004100
20004104
20031220
20031224
20031228
20031232
20031236
20031240
20031244
20031248
20031252
20031256
20031260
20031264
20031268
20031272
20031276
20031280
20031284
20031288
20031292
20031296
20031300
20031304
20031308
20031312
20031316
20031320
20031324
20031332
20031336
20031340
20031344
20031348
20031352
20031356
20031376
20031380
20031384
20031388
20031392
20031396
20031400
20031404
20031408
20031412
20031416
20031420
20031424
20031428
20031432
20031436
20031440
20031444
20031448
20031452
20031460
20031464
20031468
20031472
20047880
20047884
20047888
20047892
20047896
20047900
20047904
20047908
20047912
20047916
20047920
20047924
20047928
20047932
20047936
20047940
20047944
20047948
20047952
20047956
20047960
20047964
20047968
20047972
20047976
20047980
20047984
20047988
20047992
20047996
20048000
20048004
20048008
20048012
20048016
20048020
20048024
20048028
20048036
20048040
20048048
20048052
20048056
20048060
20048064
20048068
20048072
20048076
20048080
20048084
20048088
20048092
20048096
20048100
20048104
20048108
20048112
20048116
20048120
20048124
20048128
20048132
20048140
20048144
20048148
20048152
20048156
20048160
20048164
20048168
20048172
20048176
20048180
20048192
20048196
20048200
20048204
20048208
20048212
20048216
20048220
20048224
20048228
20048232
20048236
20048240
20048244
20048248
20048252
20048260
20048264
20048268
20048272
20048276
20048280
20048284
20048288
20048292
20048296
20048300
20048304
20048308
20048312
20048320
20048324
20048328
20048332
20048336
20048340
20048344
20048348
20048352
20048356
20048360
20048364
20048368
20048372
20048376
20048380
20048384
20048388
20048392
20048396
20048400
20048404
20048408
20048412
20048416
20048420
20048424
20048428
20048432
20048436
20048440
20048444
20048448
20048452
20048456
20048460
20048464
20048468
20048472
20048480
20048484
20048488
20048492
20048496
20048500
20048504
20048508
20048512
20048516
20048520
20048524
20048528
20048532
20048536
20048540
20048544
20048548
20048552
20048556
20048564
20048568
20048572
20048576
20048580
20048584
20048588
20048592
20048596
20048600
20048604
20048608
20048612
20048616
20048620
20048624
20048628
20048632
20048636
20048640
20048644
20076812
20076816
20076824
20076828
20076832
20076836
20076840
20076844
20076848
20076852
20076856
20076860
20076864
20076868
20076872
20076876
20076880
20076884
20076888
20076892
20076896
20076900
20076904
20076908
20076912
20076916
20076920
20076924
20076928
20076932
20076936
20076940
20076944
20076948
20076952
20076956
20076960
20076964
20076968
20076972
20076976
20076980
20076984
20076988
20076992
20081932
20081936
20081940
20081944
20081948
20081952
20081956
20081960
20081964
20081968
20081972
20081976
20081980
20081984
20081992
20081996
20082000
20082004
20082008
20082012
20082016
20082020
20082024
20082028
20082032
20082036
20082040
20082044
20082048
20082052
20082056
20082060
20082064
20082068
20082072
20082076
20082080
20082084
20082088
20082092
20082096
20082100
20082104
20082108
20082112
20082116
20082120
20082124
20082128
20082132
20082136
20082140
20082144
20082148
20082152
20082156
20082160
20082164
20082168
20082172
20082176
20082180
20082184
20082188
20082192
20082196
20082200
20082204
20082208
20082212
20082216
20082220
20082224
20082228
20082232
20082236
20082240
20082244
20082248
20082252
20082256
20082260
20082264
20082268
20082272
20082276
20082280
20082284
20082288
20082292
20082296
20082304
20082308
20082312
20082316
20082320
20082324
20082328
20082332
20082336
20082340
20082344
20082348
20082352
20082356
20082360
20082364
20082368
20082372
20082376
20082380
20082384
20082388
20082392
20082396
20082400
20082404
20082408
20082412
20082416
20082420
20082424
20082428
20082432
20082436
20082440
20082444
20082448
20082452
20082456
20082460
20082464
20082468
20082472
20082476
20082480
20082484
20082488
20082492
20082496
20082500
20082504
20082508
20082512
20082516
20082520
20082524
20082528
20082532
20082536
20082540
20082544
20082548
20082552
20082556
20082564
20082568
20082572
20082576
20082580
20082584
20082588
20082592
20082596
20082600
20082604
20082608
20082612
20082616
20082620
20082624
20082628
20082632
20082636
20082640
20082644
20082648
20082652
20082656
20082660
20082664
20082668
20082672
20082676
20082680
20082684
20082688
20082692
20082696
20082700
20082704
20082708
20082712
20082716
20082720
20082724
20082728
20082732
20082736
20082740
20082744
20082748
20082752
20082756
20082760
20082764
20082768
20082772
20082776
20082780
20082784
20082788
20082792
20082796
20082800
20082804
20082808
20082812
20082816
20082820
20082824
20082828
20082832
20082836
20082840
20082844
20082848
20082852
20082856
20082860
20082864
20082868
20082872
20082876
20082880
20082884
20082888
20082892
20082896
20082900
20082904
20082908
20082912
20082916
20082920
20082924
20082928
20082932
20082940
20082944
20082948
20082952
20082956
20082960
20082964
20082968
20082972
20082976
20082980
20082984
20082988
20082992
20082996
20083000
20083004
20083008
20083012
20083016
20083020
20083024
20083028
20083032
20083036
20083040
20083044
20083048
20083052
20083056
20083060
20083064
20083068
20083072
20083076
20083080
20083084
20083088
20083092
20083096
20083100
20083104
20083108
20083112
20083116
20083120
20083124
20083128
20083132
20083136
20083140
20083144
20083148
20083152
20083156
20083160
20083164
20083168
20083172
20083176
20083180
20083184
20083188
20083192
20083196
20083200
20083204
20083208
20083212
20083216
20083220
20083224
20083228
20083232
20083236
20083240
20083244
20083248
20083252
20083256
20083260
20083264
20083268
20083272
20083276
20083280
20083284
20083288
20083292
20083296
20083300
20083304
20083308
20083312
20083316
20083320
20083324
20083328
20083332
20083336
20083340
20083344
20083348
20083352
20083356
20083360
20083364
20083368
20083372
20083376
20083380
20083384
20083388
20083392
20083396
20083400
20083408
20083412
20083416
20083420
20083424
20083428
20083432
20083436
20083440
20083444
20083448
20083452
20083456
20083460
20083464
20083468
20083472
20083476
20083480
20083484
20083488
20083492
20083496
20083500
20083504
20083508
20083512
20083516
20083520
20083524
20083528
20083532
20083536
20083540
20083544
20083548
20083552
20083556
20083560
20083564
20083568
20083572
20083576
20083580
20108216
20108220
20108224
20108228
20108232
20108236
20108240
20108244
20108248
20108252
20108256
20108260
20108264
20108268
20108272
20108276
20108280
20108284
20108288
20108292
20108296
20108300
20108308
20108312
20108316
20108320
20108324
20108328
20108332
20108336
20108340
20108344
20108348
20108352
20108356
20108360
20108364
20108368
20108372
20108376
20108380
20108384
20108388
20108392
20108396
20108400
20108404
20108408
20108412
20108416
20108420
20108424
20108428
20108432
20108436
20108440
20108444
20108448
20108452
20108456
20108460
20108464
20108468
20108472
20108476
20108480
20108484
20108488
20108492
20108496
20108504
20108508
20108512
20108516
20108520
20108524
20108528
20108532
20108536
20108540
20108548
20108552
20108556
20108560
20108564
20108568
20108572
20108576
20108580
20108584
20108588
20108592
20108596
20108600
20108604
20108608
20108612
20108620
20108624
20108628
20108632
20108636
20108640
20108644
20108648
20108652
20108656
20108660
20108664
20108668
20108672
20108676
20108680
20108684
20108688
20108692
20108696
20108700
20108704
20108708
20108712
20108716
20108720
20108724
20108728
20108732
20108736
20108740
20108744
20108748
20108752
20108756
20108760
20108764
20108768
20108772
20108776
20108780
20108784
20108788
20108792
20108796
20108800
20108804
20108808
20108812
20108816
20108820
20108824
20108832
20108836
20108840
20108844
20108848
20108852
20108856
20108860
20108864
20108868
20108872
20108876
20108880
20108884
20108888
20108892
20108896
20108900
20108904
20108908
20108912
20108920
20108924
20108928
20108932
20108936
20108944
20108948
20108952
20108956
20108960
20108964
20108968
20108972
20108976
20108980
20108984
20108988
20108992
20108996
20109000
20109004
20109008
20109012
20109020
20109024
20109032
20109036
20109044
20109048
20109052
20109056
20109060
20109064
20109068
20109072
20109076
20109080
20109084
20109088
20109092
20109096
20109100
20109104
20109108
20109112
20109116
20109120
20109124
20109128
20109132
20109136
20109144
20110224
20110228
20110232
20110236
20110240
20110244
20110248
20110252
20110256
20110260
20110264
20110268
20110272
20110276
20110284
20110288
20110292
20110296
20110300
20110304
20110308
20110312
20110316
20110320
20110324
20110328
20110332
20110336
20110340
20110344
20110348
20110352
20110356
20110360
20110364
20110368
20110372
20110376
20110380
20110384
20110388
20110392
20110396
20110400
20110404
20110408
20110412
20110416
20110420
20110424
20110428
20110432
20110436
20110444
20110448
20110452
20110456
20110460
20110464
20110468
20110472
20110476
20110480
20110484
20110488
20110492
20110496
20110500
20110504
20110508
20110512
20110516
20110520
20110524
20110528
20110532
20110536
20110540
20110544
20110548
20110552
20110556
20110560
20110568
20110572
20110576
20110580
20110584
20110588
20110592
20110596
20110600
20110604
20110608
20110612
20110616
20110620
20110624
20110628
20110636
20110640
20110644
20110648
20110652
20110656
20110660
20110664
20110668
20110672
20110676
20110680
20110684
20110688
20110692
20110696
20110700
20110704
20110708
20110712
20110716
20110720
20110724
20110728
20110732
20110736
20110740
20110744
20110752
20110756
20110760
20110764
20110768
20110772
20110776
20110780
20110784
20110788
20110792
20110796
20110800
20110804
20110808
20110812
20110816
20110820
20110824
20110828
20110832
20110836
20110840
20110844
20110848
20110852
20110856
20110860
20110864
20110868
20110872
20110876
20110880
20110884
20110888
20110892
20110896
20110900
20110904
20110908
20110912
20110916
20110920
20110924
20110928
20110932
20110936
20110940
20110944
20110948
20110952
20110956
20110960
20110964
20110968
20110972
20110976
20110980
20110984
20110988
20110992
20110996
20111004
20111008
20111012
20111016
20111024
20111028
20111032
20111036
20111040
20111044
20111048
20111052
20111056
20111060
20111064
20111068
20111072
20111076
20111080
20111084
20111088
20111092
20111096
20111100
20111104
20111108
20111112
20111116
20111120
20111124
20111128
20111132
20111136
20111140
20111144
20111148
20111152
20111156
20111160
20111164
20111168
20111172
20111176
20111180
20111184
20111188
20111192
20111196
20111200
20111204
20111208
20111212
20111216
20111220
20111224
20111228
20111232
20111236
20111240
20111244
20111248
20111252
20111256
20111260
20111264
20111268
20111272
20111276
20111280
20111284
20111288
20111292
20111296
20111304
20111308
20111312
20111316
20111320
20111324
20111328
20111332
20111336
20111340
20111344
20111348
20111352
20111356
20111360
20111364
20111368
20111372
20111376
20111380
20111384
20111388
20111392
20111396
20111400
20111404
20111408
20111412
20111416
20111420
20111424
20111428
20111432
20111436
20111440
20111444
20111448
20111452
20111456
20111460
20111464
20111472
20111476
20111480
20111484
20111488
20111492
20111496
20111500
20111504
20111508
20111512
20111516
20111520
20111524
20111528
20111532
20111536
20111540
20111544
20111552
20111556
20111560
20111564
20111568
20111572
20111576
20111580
20111584
20111588
20111592
20111596
20111600
20111604
20111608
20111612
20111616
20111620
20111624
20111628
20111632
20111636
20111640
20111644
20111648
20111652
20111656
20111660
20111664
20111668
20111672
20111676
20111680
20111684
20111688
20111692
20111696
20111700
20111704
20111708
20111712
20111716
20111720
20111724
20111728
20111732
20111736
20111740
20111744
20111748
20111752
20111756
20111764
20111768
20111772
20111776
20111780
20111784
20111788
20111792
20111796
20111800
20111804
20111808
20111812
20111816
20111820
20111824
20111828
20111832
20111836
20111840
20111844
20111848
20111852
20111856
20111860
20111864
20111868
20111872
20111876
20111880
20111884
20111888
20111892
20111896
20111900
20111904
20111908
20111912
20111916
20111920
20111924
20111928
20111932
20111936
20111940
20111944
20111948
20111952
20111956
20111960
20111968
20111972
20111976
20111980
20111984
20111988
20111992
20111996
20112000
20112004
20112008
20112012
20112016
20112020
20112024
20112028
20112032
20112036
20112040
20112044
20112048
20112052
20112056
20112060
20112064
20112068
20112072
20112076
20112080
20112084
20112088
20112096
20112100
20112108
20112112
20112116
20112120
20112124
20112132
20112136
20112140
20112148
20112152
20112156
20112160
20112164
20112168
20112184
20112188
20112192
20112196
20112200
20112204
20112208
20112212
20112216
20112220
20112224
20112228
20112232
20112236
20112240
20112244
20112248
20112252
20112256
20112260
20112264
20112268
20112272
20112276
20112280
20112284
20112288
20112292
20112296
20112300
20112304
20112308
20112312
20112316
20112320
20112324
20112328
20112332
20112336
20112340
20112344
20112348
20112352
20112356
20112360
20112368
20112372
20112376
20112380
20112384
20112388
20112392
20112396
20112400
20112404
20112408
20112412
20112416
20112420
20112424
20112428
20112432
20112436
20112440
20112444
20112448
20112452
20112456
20112460
20112464
20112468
20112472
20112476
20112480
20112484
20112488
20112492
20112496
20112500
20112504
20112508
20112512
20112516
20112520
20112524
20112528
20112532
20112536
20112540
20112544
20112548
20112552
20112556
20112560
20112564
20112568
20112572
20112576
20112580
20112584
20112588
20112592
20112596
20112600
20112604
20112608
20112612
20112616
20112620
20112624
20112628
20112632
20112636
20112640
20112644
20112648
20112652
20112656
20112660
20112664
20112668
20112672
20112676
20112680
20112684
20112688
20112692
20112696
20112700
20112704
20112708
20112712
20112716
20112720
20112724
20112728
20112732
20112736
20112740
20112744
20112748
20112752
20112756
20112760
20112764
20112768
20112772
20112776
20112780
20112784
20112788
20112792
20112796
20112800
20112804
20112808
20112812
20112816
20112820
20112824
20112828
20112832
20112836
20112840
20112844
20112848
20112852
20112856
20112860
20112864
20112868
20112872
20112876
20112880
20112884
20112888
20112892
20112896
20112900
20112904
20112908
20112912
20112916
20112920
20112924
20112928
20112932
20112936
20112940
20112944
20112948
20112952
20112956
20112960
20112964
20112968
20112972
20112976
20112980
20112984
20112988
20112992
20112996
20113000
20113004
20113008
20113012
20113016
20113020
20113024
20113028
20113032
20113036
20113040
20113044
20113048
20113052
20113056
20113064
20113068
20113072
20113076
20113080
20113084
20113088
20113092
20113096
20113100
20113104
20113108
20113112
20113116
20113120
20113124
20113128
20113132
20113136
20113140
20113144
20113148
20113152
20113156
20113160
20113164
20113168
20113172
20113176
20113180
20113184
20113188
20113192
20113196
20113200
20113204
20113208
20113212
20113216
20113220
20113224
20113228
20113232
20113236
20113240
20113244
20113248
20113252
20113256
20113260
20113264
20113268
20113272
20113276
20113280
20113284
20113288
20113292
20113296
20113300
20113304
20113308
20113312
20113320
20113324
20113328
20113332
20113336
20113340
20113344
20113348
20113352
20113356
20113360
20113364
20113372
20113376
20113380
20113384
20113388
20113392
20113396
20113400
20113404
20113408
20113412
20113416
20113420
20113424
20113428
20113432
20113436
20113440
20113444
20113448
20113452
20113456
20113460
20113464
20113468
20113472
20113476
20113480
20113484
20113488
20113492
20113496
20113500
20113504
20113508
20113512
20113516
20113520
20113524
20113528
20113532
20113536
20113540
20113544
20113548
20113552
20113556
20113560
20113564
20113568
20113572
20113576
20113580
20113584
20113588
20113592
20113596
20113600
20113604
20113608
20113612
20113616
20113620
20113624
20113628
20113632
20113636
20113640
20113644
20113648
20113652
20113656
20113660
20113664
20113668
20113672
20113676
20113680
20113684
20113688
20113692
20113696
20113700
20113704
20113708
20113712
20113716
20113720
20113724
20113728
20113732
20113736
20113740
20113744
20113748
20113752
20113756
20113760
20113764
20113768
20113772
20113776
20113780
20113788
20113792
20113796
20113800
20113804
20113808
20113812
20113816
20113820
20113824
20113828
20113832
20113836
20113840
20113844
20113848
20113852
20113856
20113864
20113868
20113872
20113876
20113880
20113888
20113892
20113896
20113900
20113904
20113908
20113912
20113916
20113920
20113924
20113928
20113932
20113936
20113940
20113944
20113948
20113952
20113956
20113960
20113964
20113968
20113972
20113976
20113980
20113984
20113988
20113992
20113996
20114000
20114004
20114008
20114012
20114016
20114020
20114024
20114028
20114032
20114036
20114040
20114044
20114048
20114052
20114056
20114060
20114064
20114068
20114072
20114076
20114080
20114084
20114088
20114092
20114096
20114100
20114104
20114108
20114112
20114116
20114120
20114124
20114128
20114132
20114136
20114140
20114144
20114148
20114152
20114156
20114160
20114164
20114168
20114172
20114176
20114180
20114184
20114188
20114192
20114196
20114200
20114204
20114208
20114212
20114216
20114220
20114224
20114228
20114232
20114248
20114252
20114256
20114260
20114264
20114268
20114272
20114276
20114280
20114284
20114288
20114292
20114296
20114300
20114304
20114308
20114312
20114316
20114320
20114324
20114328
20114332
20114336
20114340
20114344
20114348
20114352
20114356
20114360
20114364
20114368
20114372
20114376
20114380
20114384
20114388
20114392
20114396
20114400
20114404
20114408
20114412
20114416
20114420
20114428
20114432
20114436
20114440
20114444
20114448
20114452
20114456
20114460
20114464
20114468
20114472
20114476
20114480
20114484
20114488
20114492
20114496
20114500
20114508
20114512
20114520
20114524
20114528
20114532
20114536
20114540
20114544
20114548
20114552
20114556
20114560
20114564
20114568
20114572
20114576
20114580
20114584
20114588
20114592
20114596
20114600
20114604
20114608
20114612
20114616
20114620
20114624
20114628
20114632
20114636
20114640
20114644
20114648
20114652
20114656
20114660
20114668
20114672
20114676
20114680
20114684
20114688
20114692
20114696
20114700
20114704
20114708
20114712
20114716
20114720
20114724
20114728
20114732
20114736
20114740
20114744
20114748
20114752
20114756
20114760
20114764
20114768
20114772
20114776
20114780
20114784
20114788
20114792
20114796
20114800
20114804
20114808
20114812
20114816
20114820
20114824
20114828
20114832
20114836
20114840
20114844
20114848
20114852
20114856
20114860
20114864
20114868
20114872
20114876
20114880
20114884
20114888
20114892
20114896
20114900
20114904
20114908
20114912
20114916
20114920
20114924
20114928
20114932
20114936
20114940
20114948
20114952
20114956
20114960
20114964
20114968
20114972
20114976
20114980
20114984
20114988
20114992
20114996
20115000
20115004
20115008
20115012
20115016
20115020
20115024
20115028
20115032
20115036
20115040
20115044
20115048
20115052
20115056
20115060
20115064
20115068
20115072
20115076
20115080
20115084
20115088
20115092
20115096
20115100
20115104
20115108
20115112
20115116
20115120
20115124
20115128
20115132
20115136
20115140
20115144
20115148
20115152
20115156
20115160
20115164
20115168
20115172
20115176
20115180
20115184
20115188
20115192
20115196
20115200
20115204
20115208
20115212
20115216
20115220
20115224
20115228
20115232
20115236
20115240
20115244
20115248
20115252
20115256
20115260
20115264
20115268
20115272
20115276
20115280
20115284
20115288
20115292
20115296
20115300
20115304
20115308
20115312
20115316
20115320
20115324
20115328
20115332
20115336
20115340
20115344
20115348
20115352
20115356
20115360
20115364
20115368
20115372
20115376
20115380
20115384
20115388
20115392
20115396
