10002801
10002809
10002810
10002811
10002812
10002814
10002815
10002816
10002817
10002818
10002819
10002820
10002821
10002822
10002823
10002824
10002825
10002826
10002827
10002829
10002830
10002831
10002832
10002833
10002834
10002835
10002836
10002837
10002838
10002839
10002840
10002841
10002842
10002843
10002844
10002845
10002846
10002847
10002848
10002849
10002850
10002851
10002852
10002853
10002854
10002855
10002856
10002857
10002858
10002859
10002860
10002861
10002862
10002863
10002864
10002865
10002866
10002867
10002868
10002869
10002870
10002871
10002872
10002873
10002874
10002875
10002876
10002877
10002878
10002879
10002880
10002881
10002882
10002883
10002884
10002885
10002886
10002887
10002888
10002889
10002890
10002891
10002892
10002893
10002894
10002895
10002896
10002897
10002898
10002899
10002900
10002901
10002902
10002903
10002904
10002905
10002906
10002907
10002908
10002909
10002910
10002911
10002912
10002913
10002914
10002915
10002916
10002917
10002918
10002919
10002920
10002921
10002922
10002923
10002924
10002925
10002926
10002927
10002928
10002929
10002930
10002931
10002932
10002933
10002934
10002935
10002936
10002937
10002938
10002939
10002940
10002941
10002942
10002943
10002944
10002945
10002946
10002947
10002948
10002949
10002950
10002951
10002952
10002953
10002954
10002955
10002956
10002957
10002958
10002959
10002960
10002961
10002962
10002963
10002964
10002965
10002966
10002967
10002968
10002969
10002970
10002971
10002972
10002973
10002974
10002975
10002976
10002977
10002978
10002979
10002980
10002981
10002982
10002983
10002984
10002985
10002986
10002987
10002988
10002989
10002990
10002991
10002992
10002993
10002994
10002995
10002996
10002997
10002998
10002999
10003000
10003001
10003002
10003003
10003004
10003005
10003006
10003007
10003008
10003009
10003010
10003011
10003012
10003013
10003014
10003015
10003016
10003017
10003018
10003019
10003020
10003021
10003022
10003023
10003024
10003025
10003026
10003027
10003028
10003029
10003030
10003031
10003032
10003033
10003034
10003035
10003036
10003037
10003038
10003039
10003040
10003041
10003042
10003047
10003048
10003049
10003050
10003051
10003052
10003053
10003054
10003055
10003056
10003057
10003058
10003059
10003060
10003061
10003062
10003063
10003064
10003065
10003066
10003067
10003068
10003069
10003070
10003071
10003072
10003073
10003074
10003075
10003076
10003077
10003078
10003079
10003080
10003081
10003082
10003083
10003084
10003085
10003086
10003087
10003088
10003089
10003090
10003091
10003092
10003093
10003094
10003095
10003096
10003097
10003098
10003099
10003100
10003101
10003102
10003103
10003104
10003105
10003106
10003107
10003108
10003109
10003110
10003111
10003112
10003113
10003114
10003115
10003116
10003117
10003118
10003119
10003120
10003121
10003122
10003123
10003124
10003125
10003126
10003127
10003128
10003129
10003130
10003131
10003132
10003133
10003134
10003135
10003136
10003137
10003138
10003139
10003140
10003141
10003142
10003143
10003144
10003145
10003146
10003147
10003148
10003149
10003150
10003151
10003152
10003153
10003154
10003155
10003156
10003157
10003158
10003159
10003160
10003161
10003162
10003163
10003164
10003165
10003166
10003167
10003168
10003169
10003170
10003171
10003172
10003173
10003174
10003175
10003176
10003177
10003178
10003179
10003180
10003181
10003182
10003183
10003184
10003185
10003186
10003187
10003188
10003189
10003190
10003191
10003192
10003193
10003194
10003195
10003196
10003197
10003198
10003199
10003200
10003201
10003202
10003203
10003204
10003205
10003206
10003207
10003208
10003209
10003210
10003211
10003212
10003213
10003214
10003215
10003216
10003217
10003218
10003219
10003220
10003221
10003222
10003223
10003224
10003225
10003226
10003227
10003228
10003229
10003230
10003231
10003232
10003233
10003234
10003235
10003236
10003237
10003238
10003239
10003240
10003241
10003242
10003243
10003244
10003245
10003246
10003247
10003248
10003249
10003250
10003251
10003252
10003253
10003254
10003255
10003256
10003257
10003258
10003259
10003260
10003261
10003262
10003263
10003264
10003265
10003266
10003267
10003268
10003269
10003270
10003271
10003272
10003273
10003274
10003275
10003276
10003277
10003278
10003279
10003280
10003281
10003282
10003283
10003284
10003285
10003286
10003287
10003288
10003289
10003290
10003291
10003292
10003293
10003294
10003295
10003296
10003297
10003298
10003299
10003300
10003301
10003302
10003303
10003304
10003305
10003306
10003307
10003308
10003309
10003310
10003311
10003312
10003313
10003314
10003315
10003316
10003317
10003318
10003319
10003320
10003321
10003322
10003323
10003324
10003325
10003326
10003327
10003328
10003329
10003330
10003331
10003332
10003333
10003334
10003335
10003336
10003337
10003338
10003339
10003340
10003341
10003342
10003343
10003344
10003345
10003346
10003347
10003348
10003349
10003350
10003351
10003352
10003353
10003354
10003355
10003356
10003357
10003358
10003359
10003360
10003361
10003362
10003363
10003364
10003365
10003366
10003367
10003368
10003369
10003370
10003371
10003372
10003373
10003374
10003375
10003376
10003377
10003378
10003379
10003380
10003381
10003382
10003383
10003384
10003385
10003386
10003387
10003388
10003389
10003390
10003391
10003392
10003393
10003394
10003395
10003396
10003397
10003398
10003399
10003400
10003401
10003402
10003403
10003404
10003405
10003406
10003407
10003408
10003409
10003410
10003411
10003412
10003413
10003414
10003415
10003416
10003417
10003418
10003419
10003420
10003421
10003422
10003423
10003424
10003425
10003426
10003427
10003428
10003429
10003430
10003431
10003432
10003433
10003434
10003435
10003436
10003437
10003438
10003439
10003440
10003441
10003442
10003443
10003444
10003445
10003446
10003447
10003448
10003449
10003450
10003451
10003452
10003453
10003454
10003455
10003456
10003457
10003458
10003459
10003460
10003461
10003462
10003463
10003464
10003465
10003466
10003467
10003468
10003469
10003470
10003471
10003472
10003473
10003474
10003475
10003476
10003477
10003478
10003479
10003480
10003481
10003482
10003483
10003484
10003485
10003486
10003487
10003488
10003489
10003490
10003491
10003492
10003493
10003494
10003495
10003496
10003497
10003498
10003499
10003500
10003501
10003502
10003503
10003504
10003505
10003506
10003507
10003508
10003509
10003510
10003511
10003512
10003513
10003514
10003515
10003516
10003517
10003518
10003519
10003520
10003521
10003522
10003523
10003524
10003525
10003526
10003527
10003528
10003529
10003530
10003531
10003532
10003533
10003534
10003535
10003536
10003537
10003538
10003539
10003540
10003541
10003542
10003543
10003544
10003545
10003546
10003547
10003548
10003549
10003550
10003551
10003552
10003553
10003554
10003555
10003556
10003557
10003558
10003559
10003560
10003561
10003562
10003563
10003564
10003565
10003566
10003567
10003568
10003569
10003570
10003571
10003572
10003573
10003574
10003575
10003576
10003577
10003578
10003579
10003580
10003581
10003582
10003583
10003584
10003585
10003586
10003587
10003588
10003589
10003590
10003591
10003592
10003593
10003594
10003595
10003596
10003597
10003598
10003599
10003600
10003601
10003602
10003603
10003604
10003605
10003606
10003607
10003608
10003609
10003610
10003611
10003612
10003613
10003614
10003615
10003616
10003617
10003618
10003619
10003620
10003621
10003622
10003623
10003624
10003625
10003626
10003627
10003628
10003629
10003630
10003631
10003632
10003633
10003634
10003635
10003636
10003637
10003638
10003639
10003640
10003641
10003642
10003643
10003644
10003645
10003646
10003647
10003648
10003649
10003650
10003651
10003652
10003653
10003654
10003655
10003656
10003657
10003658
10003659
10003660
10003661
10003662
10003663
10003664
10003665
10003666
10003667
10003668
10003669
10003670
10003671
10003672
10003673
10003674
10003675
10003676
10003677
10003678
10003679
10003680
10003681
10003682
10003683
10003684
10003685
10003686
10003687
10003688
10003689
10003690
10003691
10003692
10003693
10003694
10003695
10003696
10003697
10003698
10003699
10003700
10003701
10003702
10003703
10003704
10003705
10003706
10003707
10003708
10003709
10003710
10003711
10003712
10003713
10003714
10003715
10003716
10003717
10003718
10003719
10003720
10003721
10003722
10003723
10003724
10003725
10003726
10003727
10003728
10003729
10003730
10003731
10003732
10003733
10003734
10003735
10003736
10003737
10003738
10003739
10003740
10003741
10003742
10003743
10003744
10003745
10003746
10003747
10003748
10003749
10003750
10003751
10003752
10003753
10003754
10003755
10003756
10003757
10003758
10003759
10003760
10003761
10003762
10003763
10003764
10003765
10003766
10003767
10003768
10003769
10003770
10003771
10003772
10003773
10003774
10003775
10003776
10003777
10003778
10003779
10003780
10003781
10003782
10003783
10003784
10003785
10003786
10003787
10003788
10003789
10003790
10003791
10003792
10003793
10003794
10003795
10003796
10003797
10003798
10003799
10003800
10003801
10003802
10003803
10003804
10003805
10003806
10003807
10003808
10003809
10003810
10003811
10003812
10003813
10003814
10003815
10003816
10003817
10003818
10003819
10003820
10003821
10003822
10003823
10003824
10003825
10003826
10003827
10003828
10003829
10003830
10003831
10003832
10003833
10003834
10003835
10003836
10003837
10003838
10003839
10003840
10003841
10003842
10003843
10003844
10003845
10003846
10003847
10003848
10003849
10003850
10003851
10003852
10003853
10003854
10003855
10003856
10003857
10003858
10003859
10003860
10003861
10003862
10003863
10003864
10003865
10003866
10003867
10003868
10003869
10003870
10003871
10003872
10003873
10003874
10003875
10003876
10003877
10003878
10003879
10003880
10003881
10003882
10003883
10003884
10003885
10003886
10003887
10003888
10003889
10003890
10003891
10003892
10003893
10003894
10003895
10003896
10003897
10003898
10003899
10003900
10003901
10003902
10003903
10003904
10003905
10003906
10003907
10003908
10003909
10003910
10003911
10003912
10003913
10003914
10003915
10003916
10003917
10003918
10003919
10003920
10003921
10003922
10003923
10003924
10003925
10003926
10003927
10003928
10003929
10003930
10003931
10003932
10003933
10003934
10003935
10003936
10003937
10003938
10003939
10003940
10003941
10003942
10003943
10003944
10003945
10003946
10003947
10003948
10003949
10003950
10003951
10003952
10003953
10003954
10003955
10003956
10003957
10003958
10003959
10003960
10003961
10003962
10003963
10003964
10003965
10003966
10003967
10003968
10003969
10003970
10003971
10003972
10003973
10003974
10003975
10003976
10003977
10003978
10003979
10003980
10003981
10003982
10003983
10003984
10003985
10003986
10003987
10003988
10003989
10003990
10003991
10003992
10003993
10003994
10003995
10003996
10003997
10003998
10003999
10004000
10004001
10004002
10004003
10004004
10004005
10004006
10004007
10004008
10004009
10004010
10004011
10004012
10004013
10004014
10004015
10004016
10004017
10004018
10004019
10004020
10004021
10004022
10004023
10004024
10004025
10004026
10004027
10004028
10004029
10004030
10004031
10004032
10004033
10004034
10004035
10004036
10004037
10004038
10004039
10004040
10004041
10004042
10004043
10004044
10004045
10004046
10004047
10004048
10004049
10004050
10004051
10004052
10004053
10004054
10004055
10004056
10004057
10004058
10004059
10004060
10004061
10004062
10004063
10004064
10004065
10004066
10004067
10004068
10004069
10004070
10004071
10004072
10004073
10004074
10004075
10004076
10004077
10004078
10004079
10004080
10004081
10004082
10004083
10004084
10004085
10004086
10004087
10004088
10004089
10004090
10004091
10004092
10004093
10004094
10004095
10004096
10004097
10004098
10004099
10004100
10004101
10004102
10004103
10004104
10004105
10004106
10004107
10004108
10004109
10004110
10004111
10004112
10004113
10004114
10004115
10004116
10004117
10004118
10004119
10004120